@ARDAT,1869951,1668186370000,-5.689,113.939,336.9,359,0,1
@ARDAT,1869952,1668186371000,-9.023,113.509,258.3,191,1,1
@ARDAT,1869953,1668186371000,-8.976,113.260,261.1,217,1,1
@ARDAT,1869954,1668186372000,-6.722,113.640,321.2,277,2,1
@ARDAT,1869955,1668186382000,-13.012,112.582,210.7,559,0,0
@ARDAT,1869956,1668186384000,-8.796,113.387,266.1,201,1,1
@ARDAT,1869957,1668186384000,-8.904,113.535,262.1,186,1,1
@ARDAT,1869958,1668186384000,-8.814,113.407,265.5,199,1,1
@ARDAT,1869959,1668186385000,-8.724,113.502,268.3,188,1,1
@ARDAT,1869960,1668186385000,-8.795,113.405,266.1,199,1,1
@ARDAT,1869961,1668186388000,-6.587,113.683,323.8,286,1,1
@ARDAT,1869962,1668186388000,-6.760,112.640,306.6,354,1,1
@ARDAT,1869963,1668186388000,-6.938,112.745,305.1,333,0,1
@ARDAT,1869964,1668186388000,-9.543,111.640,256,404,0,0
@ARDAT,1869965,1668186388000,-6.864,112.880,307.8,326,0,1
@ARDAT,1869966,1668186392000,-8.951,113.441,261,197,1,1
@ARDAT,1869967,1668186393000,-8.522,112.962,273.8,248,0,1
@ARDAT,1869968,1668186429000,-6.995,112.716,303.9,332,0,1
@ARDAT,1869969,1668186452000,-8.879,113.596,262.7,179,0,1
@ARDAT,1869970,1668186452000,-8.895,113.543,262.4,185,1,1
@ARDAT,1869971,1668186454000,-6.569,112.760,310.6,357,1,1
@ARDAT,1869972,1668186454000,-6.715,112.920,310.5,333,0,1
@ARDAT,1869973,1668186454000,-7.015,112.736,303.8,329,0,1
@ARDAT,1869974,1668186455000,-6.855,112.638,305.2,348,0,1
@ARDAT,1869975,1668186455000,-6.908,112.801,306.2,330,0,1
@ARDAT,1869976,1668186458000,-6.708,113.717,322.8,273,1,1
@ARDAT,1869977,1668186464000,-11.161,118.855,124.8,485,1,0
@ARDAT,1869978,1668186464000,-9.672,116.741,123.3,201,2,0
@ARDAT,1869979,1668186464000,-10.512,117.718,126.6,342,1,0
@ARDAT,1869980,1668186469000,-3.101,114.716,354.9,619,1,0
@ARDAT,1869981,1668186471000,-6.782,113.830,323.9,259,0,1
@ARDAT,1869982,1668186472000,-8.784,113.478,266.3,191,1,1
@ARDAT,1869983,1668186481000,-6.730,113.674,321.7,274,2,1
@ARDAT,1869984,1668186492000,-6.892,113.126,310.5,303,2,1
@ARDAT,1869985,1668186496000,-8.584,112.659,271.9,281,0,1
@ARDAT,1869986,1668186505000,-7.002,112.911,306,314,1,1
@ARDAT,1869987,1668186505000,-7.131,112.746,302,321,0,1
@ARDAT,1869988,1668186505000,-9.499,112.486,252.9,313,1,0
@ARDAT,1869989,1668186512000,-6.764,113.479,317.8,285,1,1
@ARDAT,1869990,1668186512000,-6.607,111.100,296.5,508,1,0
@ARDAT,1869991,1668186512000,-6.934,112.627,303.9,344,0,1
@ARDAT,1869992,1668186512000,-7.504,112.566,293.8,319,1,1
@ARDAT,1869993,1668186513000,-6.947,112.684,304.3,338,0,1
@ARDAT,1869994,1668186531000,-5.596,113.836,335.9,373,0,1
@ARDAT,1869995,1668186533000,-6.737,113.509,318.7,285,1,1
@ARDAT,1869996,1668186534000,-6.867,113.333,313.9,288,1,1
@ARDAT,1869997,1668186534000,-6.954,112.812,305.6,326,0,1
@ARDAT,1869998,1668186535000,-5.921,111.958,310.1,471,1,0
@ARDAT,1869999,1668186536000,-7.253,112.820,300.7,307,1,1
@ARDAT,1870000,1668186537000,-6.723,112.961,310.9,329,0,1
@ARDAT,1870001,1668186537000,-6.543,118.576,57.8,440,1,0
@ARDAT,1870002,1668186537000,-6.890,112.963,308.4,317,0,1
@ARDAT,1870003,1668186537000,-6.945,112.886,306.6,320,0,1
@ARDAT,1870004,1668186538000,-6.943,112.697,304.5,337,1,1
@ARDAT,1870005,1668186538000,-8.994,113.208,260.8,223,1,1
@ARDAT,1870006,1668186538000,-8.773,113.513,266.6,187,1,1
@ARDAT,1870007,1668186538000,-9.018,113.295,259.7,214,1,1
@ARDAT,1870008,1668186539000,-8.955,113.460,260.8,195,1,1
@ARDAT,1870009,1668186539000,-9.020,113.222,260,222,2,1
@ARDAT,1870010,1668186544000,-7.025,112.751,303.8,327,0,1
@ARDAT,1870011,1668186544000,-7.169,112.701,300.9,323,0,1
@ARDAT,1870012,1668186553000,-5.702,113.864,335.6,361,1,1
@ARDAT,1870013,1668186556000,-8.984,113.622,258.9,178,0,1
@ARDAT,1870014,1668186559000,-6.854,112.683,305.7,344,0,1
@ARDAT,1870015,1668186559000,-6.892,112.633,304.6,346,0,1
@ARDAT,1870016,1668186578000,-6.693,110.070,290.8,608,2,0
@ARDAT,1870017,1668186579000,-7.845,112.810,289,280,1,0
@ARDAT,1870018,1668186579000,-8.017,112.784,285.1,277,1,1
@ARDAT,1870019,1668186583000,-6.774,112.573,305.7,359,2,1
@ARDAT,1870020,1668186584000,-7.140,112.741,301.8,321,0,1
@ARDAT,1870021,1668186584000,-4.164,114.643,352.8,503,2,0
@ARDAT,1870022,1668186594000,-13.161,112.424,211.3,582,0,0
@ARDAT,1870023,1668186594000,-11.893,112.322,221.4,476,0,0
@ARDAT,1870024,1668186596000,-8.715,113.648,268.5,172,0,1
@ARDAT,1870025,1668186602000,-5.689,113.511,330.3,380,2,1
@ARDAT,1870026,1668186603000,-5.676,113.750,334,369,1,1
@ARDAT,1870027,1668186603000,-6.858,112.804,307,333,2,1
@ARDAT,1870028,1668186610000,-7.074,112.860,304.2,314,2,1
@ARDAT,1870029,1668186618000,-6.553,113.548,321.9,298,1,1
@ARDAT,1870030,1668186621000,-8.911,113.417,262.4,199,1,1
@ARDAT,1870031,1668186621000,-8.786,113.551,266.1,183,1,1
@ARDAT,1870032,1668186621000,-8.729,113.530,268.1,185,1,1
@ARDAT,1870033,1668186622000,-8.065,112.987,285.3,254,1,1
@ARDAT,1870034,1668186623000,-7.029,113.165,308.8,290,0,1
@ARDAT,1870035,1668186632000,-7.168,112.841,302.4,310,1,1
@ARDAT,1870036,1668186632000,-7.023,112.907,305.6,313,0,1
@ARDAT,1870037,1668186632000,-7.107,113.070,306.2,293,0,1
@ARDAT,1870038,1668186632000,-6.930,113.082,309.3,304,0,1
@ARDAT,1870039,1668186634000,-6.955,115.431,7.3,192,1,0
@ARDAT,1870040,1668186635000,-7.508,115.402,9.3,131,1,0
@ARDAT,1870041,1668186635000,-9.015,113.470,258.8,195,1,1
@ARDAT,1870042,1668186635000,-7.574,115.210,360,122,1,0
@ARDAT,1870043,1668186635000,-7.701,115.220,0.6,108,1,0
@ARDAT,1870044,1668186635000,-7.731,115.285,4.5,105,1,0
@ARDAT,1870045,1668186635000,-7.734,115.321,6.7,105,1,0
@ARDAT,1870046,1668186636000,-9.412,111.769,257.6,387,0,0
@ARDAT,1870047,1668186636000,-9.859,111.415,252.3,437,1,0
@ARDAT,1870048,1668186636000,-8.697,113.747,269.1,161,0,1
@ARDAT,1870049,1668186638000,-5.433,113.736,335.5,394,0,1
@ARDAT,1870050,1668186638000,-8.894,113.616,262.1,177,1,1
@ARDAT,1870051,1668186638000,-8.979,113.390,260.4,203,1,1
@ARDAT,1870052,1668186639000,-8.853,113.492,264,190,1,1
@ARDAT,1870053,1668186646000,-11.173,118.405,128.5,446,1,0
@ARDAT,1870054,1668186654000,-8.229,111.578,276.8,403,1,0
@ARDAT,1870055,1668186662000,-8.925,113.474,261.7,193,1,1
@ARDAT,1870056,1668186664000,-7.973,113.371,290.9,217,0,1
@ARDAT,1870057,1668186670000,-8.764,113.740,266.5,162,0,1
@ARDAT,1870058,1668186676000,-10.651,118.754,119.6,446,0,0
@ARDAT,1870059,1668186678000,-7.182,118.947,68.4,444,0,0
@ARDAT,1870060,1668186680000,-7.040,113.098,307.7,295,1,1
@ARDAT,1870061,1668186680000,-7.083,113.122,307.3,290,0,1
@ARDAT,1870062,1668186686000,-8.118,113.217,285.6,228,2,1
@ARDAT,1870063,1668186686000,-7.760,113.196,294.4,244,1,1
@ARDAT,1870064,1668186701000,-6.855,113.281,313.3,293,0,1
@ARDAT,1870065,1668186717000,-7.140,115.189,359.2,170,1,0
@ARDAT,1870066,1668186718000,-8.935,113.779,259.6,160,1,1
@ARDAT,1870067,1668186718000,-9.717,110.970,255.8,480,1,0
@ARDAT,1870068,1668186722000,-7.921,115.287,5.8,84,1,0
@ARDAT,1870069,1668186723000,-7.971,115.320,8.8,79,1,0
@ARDAT,1870070,1668186723000,-7.979,115.313,8.4,78,1,0
@ARDAT,1870071,1668186733000,-8.832,113.645,264.2,173,0,1
@ARDAT,1870072,1668186739000,-6.596,113.610,322.4,290,2,1
@ARDAT,1870073,1668186750000,-7.051,113.228,309.3,283,0,1
@ARDAT,1870074,1668186750000,-6.969,113.263,311.2,286,0,1
@ARDAT,1870075,1668186752000,-10.126,110.811,251.3,509,2,0
@ARDAT,1870076,1668186752000,-8.705,113.575,268.9,180,2,1
@ARDAT,1870077,1668186755000,-5.764,113.437,328.6,377,1,1
@ARDAT,1870078,1668186757000,-6.945,113.753,319.9,250,0,1
@ARDAT,1870079,1668186757000,-6.851,113.641,319.3,266,0,1
@ARDAT,1870080,1668186759000,-8.835,113.810,263.4,155,1,1
@ARDAT,1870081,1668186762000,-9.744,110.573,256.6,523,1,0
@ARDAT,1870082,1668186771000,-11.092,113.190,219.5,347,0,0
@ARDAT,1870083,1668186775000,-8.864,113.887,261.8,147,1,1
@ARDAT,1870084,1668186784000,-7.014,112.903,305.7,314,0,1
@ARDAT,1870085,1668186789000,-9.219,113.744,249.5,172,1,0
@ARDAT,1870086,1668186808000,-6.955,113.288,311.8,285,1,1
@ARDAT,1870087,1668186808000,-7.181,113.039,304.5,291,0,1
@ARDAT,1870088,1668186810000,-7.851,108.883,277,703,0,0
@ARDAT,1870089,1668186813000,-10.554,118.858,117.7,451,1,0
@ARDAT,1870090,1668186814000,-6.862,113.573,317.9,270,1,1
@ARDAT,1870091,1668186814000,-6.799,113.675,320.7,268,2,1
@ARDAT,1870092,1668186826000,-8.736,113.903,267.3,144,0,1
@ARDAT,1870093,1668186829000,-8.001,112.855,285.9,270,0,1
@ARDAT,1870094,1668186830000,-13.130,114.002,194.9,510,1,0
@ARDAT,1870095,1668186832000,-8.793,113.879,264.9,147,0,1
@ARDAT,1870096,1668186833000,-8.981,113.770,257.9,162,0,1
@ARDAT,1870097,1668186835000,-8.729,113.784,267.8,157,0,1
@ARDAT,1870098,1668186837000,-7.175,113.155,306.1,281,2,1
@ARDAT,1870099,1668186837000,-7.206,112.935,302.8,299,0,1
@ARDAT,1870100,1668186837000,-6.881,113.076,310,308,0,1
@ARDAT,1870101,1668186840000,-8.900,113.709,261.4,167,1,1
@ARDAT,1870102,1668186840000,-8.821,113.809,264,155,1,1
@ARDAT,1870103,1668186840000,-9.139,113.508,254.6,194,2,1
@ARDAT,1870104,1668186840000,-8.607,110.886,270.6,476,0,0
@ARDAT,1870105,1668186840000,-9.396,113.228,249.8,232,0,1
@ARDAT,1870106,1668186840000,-9.621,112.209,252.2,346,0,1
@ARDAT,1870107,1668186840000,-9.514,112.710,251.2,290,1,1
@ARDAT,1870108,1668186840000,-8.851,113.675,263.4,170,0,1
@ARDAT,1870109,1668186841000,-9.502,112.591,252.2,302,0,1
@ARDAT,1870110,1668186845000,-9.407,112.525,254.5,306,1,1
@ARDAT,1870111,1668186845000,-8.083,113.275,287,223,1,1
@ARDAT,1870112,1668186847000,-7.343,112.988,300.9,286,0,1
@ARDAT,1870113,1668186851000,-5.793,113.407,327.9,376,0,1
@ARDAT,1870114,1668186860000,-5.675,113.391,328.7,388,1,1
@ARDAT,1870115,1668186860000,-6.636,113.835,326,272,1,1
@ARDAT,1870116,1668186860000,-12.644,118.119,144.3,542,1,0
@ARDAT,1870117,1668186860000,-6.773,113.843,324.3,259,1,1
@ARDAT,1870118,1668186861000,-9.380,112.209,256.5,339,0,1
@ARDAT,1870119,1668186871000,-5.568,113.745,334.7,380,0,1
@ARDAT,1870120,1668186874000,-8.693,113.684,269.3,168,0,1
@ARDAT,1870121,1668186874000,-8.762,113.449,267.1,194,1,1
@ARDAT,1870122,1668186875000,-8.740,113.548,267.7,183,0,1
@ARDAT,1870123,1668186875000,-8.877,113.568,262.9,182,0,1
@ARDAT,1870124,1668186875000,-9.273,112.754,256.1,278,2,1
@ARDAT,1870125,1668186875000,-9.208,112.954,256.5,255,1,1
@ARDAT,1870126,1668186878000,-6.739,113.860,325.1,261,1,1
@ARDAT,1870127,1668186883000,-8.729,113.839,267.7,151,1,1
@ARDAT,1870128,1668186884000,-9.271,112.763,256.1,277,0,1
@ARDAT,1870129,1668186888000,-8.934,113.631,260.6,176,0,1
@ARDAT,1870130,1668186896000,-6.820,113.202,312.7,302,0,1
@ARDAT,1870131,1668186899000,-8.953,113.681,259.6,171,0,1
@ARDAT,1870132,1668186907000,-7.288,113.141,303.8,275,0,1
@ARDAT,1870133,1668186907000,-6.685,113.673,322.3,278,1,1
@ARDAT,1870134,1668186909000,-8.937,113.724,259.9,166,1,1
@ARDAT,1870135,1668186909000,-9.397,112.750,253.4,282,2,1
@ARDAT,1870136,1668186909000,-8.845,113.747,263.3,162,0,1
@ARDAT,1870137,1668186909000,-8.947,113.716,259.6,167,1,1
@ARDAT,1870138,1668186911000,-2.709,115.282,0.7,660,1,0
@ARDAT,1870139,1668186911000,-2.727,115.675,4.5,660,1,0
@ARDAT,1870140,1668186912000,-3.811,115.719,6,541,1,0
@ARDAT,1870141,1668186912000,-3.805,115.651,5.2,541,1,0
@ARDAT,1870142,1668186912000,-3.821,115.803,7,541,1,0
@ARDAT,1870143,1668186920000,-8.951,113.708,259.5,168,0,1
@ARDAT,1870144,1668186921000,-6.904,113.285,312.6,289,0,1
@ARDAT,1870145,1668186921000,-6.979,112.939,306.7,313,0,1
@ARDAT,1870146,1668186921000,-6.945,113.023,308.3,308,0,1
@ARDAT,1870147,1668186921000,-7.389,112.950,299.6,287,0,1
@ARDAT,1870148,1668186921000,-7.157,113.045,305,292,0,1
@ARDAT,1870149,1668186924000,-6.945,113.000,308,310,0,1
@ARDAT,1870150,1668186924000,-6.978,112.895,306.2,317,0,1
@ARDAT,1870151,1668186924000,-5.759,113.343,327.3,383,1,1
@ARDAT,1870152,1668186924000,-6.736,113.801,324,265,1,1
@ARDAT,1870153,1668186924000,-7.151,112.971,304.2,299,0,1
@ARDAT,1870154,1668186940000,-8.933,113.686,260.3,170,0,1
@ARDAT,1870155,1668186941000,-8.715,113.611,268.5,176,0,1
@ARDAT,1870156,1668186948000,-9.509,112.536,252.4,308,0,1
@ARDAT,1870157,1668186948000,-8.793,113.852,265,150,0,1
@ARDAT,1870158,1668186951000,-6.823,113.549,318.1,275,1,1
@ARDAT,1870159,1668186951000,-8.779,113.778,265.8,158,2,1
@ARDAT,1870160,1668186954000,-3.948,115.144,359.2,523,2,0
@ARDAT,1870161,1668186961000,-8.900,113.727,261.3,165,0,1
@ARDAT,1870162,1668186962000,-8.722,113.984,267.8,135,0,1
@ARDAT,1870163,1668186962000,-8.377,109.969,272.9,578,1,0
@ARDAT,1870164,1668186965000,-6.718,113.660,321.6,276,1,1
@ARDAT,1870165,1668186965000,-5.794,113.372,327.4,378,1,1
@ARDAT,1870166,1668186969000,-6.809,113.794,322.8,259,0,1
@ARDAT,1870167,1668186974000,-8.909,113.876,260,149,1,1
@ARDAT,1870168,1668186974000,-8.804,113.880,264.4,147,1,1
@ARDAT,1870169,1668186986000,-6.626,113.722,324,280,0,1
@ARDAT,1870170,1668186987000,-7.041,113.143,308.3,291,0,1
@ARDAT,1870171,1668187004000,-8.693,114.065,269.1,126,1,1
@ARDAT,1870172,1668187004000,-8.609,110.977,270.6,466,0,0
@ARDAT,1870173,1668187006000,-12.199,114.197,195.8,405,0,0
@ARDAT,1870174,1668187008000,-6.843,113.721,320.9,261,1,1
@ARDAT,1870175,1668187008000,-8.808,113.488,265.5,190,1,1
@ARDAT,1870176,1668187009000,-8.747,113.758,267.1,160,1,1
@ARDAT,1870177,1668187009000,-8.687,113.720,269.5,164,1,1
@ARDAT,1870178,1668187009000,-8.835,113.838,263.3,152,1,1
@ARDAT,1870179,1668187023000,-8.822,113.745,264.2,162,0,1
@ARDAT,1870180,1668187023000,-8.643,114.038,271.6,129,0,1
@ARDAT,1870181,1668187023000,-8.908,114.014,258.9,134,0,1
@ARDAT,1870182,1668187023000,-6.949,113.148,309.9,297,1,1
@ARDAT,1870183,1668187023000,-6.763,113.826,324.1,261,0,1
@ARDAT,1870184,1668187027000,-7.394,113.073,300.9,275,0,1
@ARDAT,1870185,1668187029000,-6.682,113.815,325,269,0,1
@ARDAT,1870186,1668187030000,-10.624,111.200,243.6,490,1,0
@ARDAT,1870187,1668187056000,-8.723,114.011,267.7,132,0,1
@ARDAT,1870188,1668187057000,-3.813,115.303,1.1,538,1,0
@ARDAT,1870189,1668187071000,-8.968,113.628,259.4,177,0,1
@ARDAT,1870190,1668187071000,-8.662,113.974,270.6,136,1,1
@ARDAT,1870191,1668187071000,-8.687,113.720,269.5,164,0,1
@ARDAT,1870192,1668187071000,-8.308,113.237,280.5,221,1,1
@ARDAT,1870193,1668187076000,-7.905,113.087,289.9,249,0,1
@ARDAT,1870194,1668187076000,-8.446,119.118,86.9,431,1,0
@ARDAT,1870195,1668187076000,-8.816,113.964,263.5,138,1,1
@ARDAT,1870196,1668187076000,-8.787,113.742,265.6,162,1,1
@ARDAT,1870197,1668187076000,-9.335,112.742,254.8,281,1,1
@ARDAT,1870198,1668187076000,-8.994,113.550,259,186,1,1
@ARDAT,1870199,1668187077000,-8.909,113.719,261,166,1,1
@ARDAT,1870200,1668187083000,-6.568,113.559,321.9,296,1,1
@ARDAT,1870201,1668187084000,-6.790,113.774,322.7,262,0,1
@ARDAT,1870202,1668187086000,-8.719,113.929,268,141,0,1
@ARDAT,1870203,1668187088000,-6.895,113.758,320.8,254,0,1
@ARDAT,1870204,1668187093000,-7.366,113.133,302.2,271,0,1
@ARDAT,1870205,1668187108000,-8.849,113.931,262.2,142,0,1
@ARDAT,1870206,1668187109000,-4.573,115.124,358.8,454,1,0
@ARDAT,1870207,1668187114000,-6.913,113.584,317.3,265,0,1
@ARDAT,1870208,1668187114000,-6.832,113.691,320.5,264,0,1
@ARDAT,1870209,1668187114000,-6.735,113.882,325.6,260,1,1
@ARDAT,1870210,1668187115000,-3.717,115.772,6.5,552,2,0
@ARDAT,1870211,1668187119000,-8.815,114.101,262.8,123,1,1
@ARDAT,1870212,1668187119000,-7.293,112.976,301.7,290,0,1
@ARDAT,1870213,1668187119000,-6.586,111.264,297.7,493,0,0
@ARDAT,1870214,1668187128000,-7.118,113.006,305.2,298,1,1
@ARDAT,1870215,1668187140000,-8.848,113.958,262.1,139,0,1
@ARDAT,1870216,1668187160000,-8.662,113.793,270.5,156,0,1
@ARDAT,1870217,1668187164000,-6.173,112.242,310,429,2,0
@ARDAT,1870218,1668187179000,-9.275,112.820,255.7,271,1,1
@ARDAT,1870219,1668187180000,-8.716,113.811,268.3,154,1,1
@ARDAT,1870220,1668187180000,-8.682,113.465,269.7,192,2,1
@ARDAT,1870221,1668187180000,-8.692,113.974,269.2,136,1,1
@ARDAT,1870222,1668187180000,-8.758,113.959,266.2,138,1,1
@ARDAT,1870223,1668187180000,-5.568,114.408,345.5,355,2,1
@ARDAT,1870224,1668187185000,-13.067,116.544,163.4,507,1,0
@ARDAT,1870225,1668187185000,-14.294,115.733,174.8,624,1,0
@ARDAT,1870226,1668187186000,-6.800,113.603,319.4,273,1,1
@ARDAT,1870227,1668187188000,-8.885,113.964,260.4,139,1,1
@ARDAT,1870228,1668187189000,-7.760,109.153,278.2,675,1,0
@ARDAT,1870229,1668187197000,-8.858,113.978,261.5,137,0,1
@ARDAT,1870230,1668187199000,-6.591,113.724,324.5,283,1,1
@ARDAT,1870231,1668187201000,-8.758,113.804,266.6,155,0,1
@ARDAT,1870232,1668187202000,-8.884,113.432,263.2,197,1,1
@ARDAT,1870233,1668187202000,-8.812,113.799,264.4,156,1,1
@ARDAT,1870234,1668187202000,-8.926,113.860,259.4,151,2,1
@ARDAT,1870235,1668187203000,-8.424,113.127,276.8,231,2,1
@ARDAT,1870236,1668187204000,-6.985,113.561,315.7,261,1,1
@ARDAT,1870237,1668187208000,-9.449,112.537,253.6,306,0,1
@ARDAT,1870238,1668187214000,-6.938,113.099,309.4,302,0,1
@ARDAT,1870239,1668187218000,-8.964,113.443,260.6,197,0,1
@ARDAT,1870240,1668187218000,-8.797,114.007,264.2,133,1,1
@ARDAT,1870241,1668187218000,-8.793,113.852,265,150,0,1
@ARDAT,1870242,1668187236000,-12.176,113.744,202.4,419,2,0
@ARDAT,1870243,1668187237000,-7.284,113.210,304.8,269,1,1
@ARDAT,1870244,1668187247000,-7.018,113.697,317.6,248,1,1
@ARDAT,1870245,1668187247000,-7.019,113.196,309.4,288,0,1
@ARDAT,1870246,1668187257000,-8.878,113.586,262.8,180,0,1
@ARDAT,1870247,1668187257000,-9.298,112.610,256.3,294,1,1
@ARDAT,1870248,1668187257000,-8.862,113.814,262.3,155,0,1
@ARDAT,1870249,1668187257000,-8.849,113.894,262.4,146,0,1
@ARDAT,1870250,1668187263000,-11.387,110.416,239.9,605,1,0
@ARDAT,1870251,1668187263000,-10.158,112.814,237.9,310,1,1
@ARDAT,1870252,1668187276000,-8.963,113.757,258.7,163,1,1
@ARDAT,1870253,1668187277000,-8.779,113.960,265.2,138,1,1
@ARDAT,1870254,1668187282000,-6.810,113.578,318.8,274,1,1
@ARDAT,1870255,1668187282000,-6.801,113.616,319.6,272,1,1
@ARDAT,1870256,1668187283000,-3.760,114.117,347.4,557,1,0
@ARDAT,1870257,1668187283000,-5.556,114.497,347.1,354,1,1
@ARDAT,1870258,1668187283000,-3.982,114.345,349.5,528,0,0
@ARDAT,1870259,1668187283000,-6.187,114.659,347.5,282,1,0
@ARDAT,1870260,1668187283000,-5.574,114.686,350.4,348,1,0
@ARDAT,1870261,1668187289000,-8.906,114.005,259.1,135,0,1
@ARDAT,1870262,1668187294000,-8.860,113.933,261.7,142,0,1
@ARDAT,1870263,1668187296000,-13.111,116.421,165,508,1,0
@ARDAT,1870264,1668187308000,-8.897,113.479,262.6,192,0,1
@ARDAT,1870265,1668187308000,-8.840,113.619,264,176,0,1
@ARDAT,1870266,1668187310000,-6.988,113.023,307.6,305,0,1
@ARDAT,1870267,1668187310000,-7.019,113.000,306.8,305,0,1
@ARDAT,1870268,1668187310000,-7.073,113.095,307.1,293,0,1
@ARDAT,1870269,1668187313000,-6.905,113.566,317.1,267,1,1
@ARDAT,1870270,1668187325000,-8.771,113.859,265.9,149,1,1
@ARDAT,1870271,1668187326000,-8.675,113.938,270,140,1,1
@ARDAT,1870272,1668187326000,-8.996,113.420,259.7,200,1,1
@ARDAT,1870273,1668187326000,-5.160,114.946,355.7,390,1,0
@ARDAT,1870274,1668187326000,-8.790,113.797,265.3,156,1,1
@ARDAT,1870275,1668187348000,-6.996,113.655,317.2,253,0,1
@ARDAT,1870276,1668187348000,-6.768,113.570,319.3,278,1,1
@ARDAT,1870277,1668187348000,-6.576,113.652,323.4,289,2,1
@ARDAT,1870278,1668187348000,-6.687,113.761,323.9,272,2,1
@ARDAT,1870279,1668187349000,-6.948,113.806,320.9,246,1,1
@ARDAT,1870280,1668187353000,-8.947,113.633,260.1,176,0,1
@ARDAT,1870281,1668187353000,-8.939,113.854,258.9,152,0,1
@ARDAT,1870282,1668187358000,-6.973,112.955,307,312,0,1
@ARDAT,1870283,1668187361000,-6.849,113.742,321.2,259,0,1
@ARDAT,1870284,1668187365000,-8.084,112.982,284.8,254,1,1
@ARDAT,1870285,1668187370000,-8.988,113.958,255.9,142,1,1
@ARDAT,1870286,1668187370000,-8.869,113.741,262.4,163,0,1
@ARDAT,1870287,1668187371000,-6.797,113.113,311.8,311,0,1
@ARDAT,1870288,1668187381000,-9.113,113.558,255,188,1,1
@ARDAT,1870289,1668187381000,-8.952,113.745,259.2,164,0,1
@ARDAT,1870290,1668187385000,-7.143,113.066,305.5,291,0,1
@ARDAT,1870291,1668187385000,-7.202,113.013,303.8,292,0,1
@ARDAT,1870292,1668187390000,-6.881,113.803,321.9,252,0,1
@ARDAT,1870293,1668187396000,-8.864,113.759,262.5,161,2,1
@ARDAT,1870294,1668187402000,-8.849,113.913,262.3,144,2,1
@ARDAT,1870295,1668187402000,-8.931,113.714,260.2,167,0,1
@ARDAT,1870296,1668187408000,-9.627,112.809,248.1,284,1,1
@ARDAT,1870297,1668187410000,-12.087,113.481,206.5,422,2,0
@ARDAT,1870298,1668187410000,-12.472,113.888,198.9,444,0,0
@ARDAT,1870299,1668187410000,-12.489,113.507,203.7,461,2,0
@ARDAT,1870300,1668187413000,-9.052,113.385,258.2,205,2,1
@ARDAT,1870301,1668187413000,-8.911,113.821,260.3,155,0,1
@ARDAT,1870302,1668187420000,-6.834,113.117,311.3,308,1,1
@ARDAT,1870303,1668187420000,-6.900,113.667,319,260,1,1
@ARDAT,1870304,1668187429000,-9.524,112.790,250.4,282,0,1
@ARDAT,1870305,1668187429000,-8.849,113.739,263.2,163,0,1
@ARDAT,1870306,1668187433000,-8.957,113.488,260.6,192,0,1
@ARDAT,1870307,1668187434000,-12.267,116.066,166.8,408,1,0
@ARDAT,1870308,1668187435000,-5.730,113.568,330.8,373,1,1
@ARDAT,1870309,1668187436000,-8.776,113.851,265.7,150,0,1
@ARDAT,1870310,1668187443000,-8.749,113.731,267.1,163,0,1
@ARDAT,1870311,1668187443000,-8.945,113.771,259.3,161,1,1
@ARDAT,1870312,1668187443000,-8.952,113.838,258.5,154,0,1
@ARDAT,1870313,1668187443000,-8.986,113.733,258,166,0,1
@ARDAT,1870314,1668187443000,-8.828,113.855,263.5,150,0,1
@ARDAT,1870315,1668187445000,-8.205,109.891,274.7,588,1,0
@ARDAT,1870316,1668187451000,-8.936,113.668,260.3,172,0,1
@ARDAT,1870317,1668187460000,-7.115,112.986,305,300,0,1
@ARDAT,1870318,1668187460000,-7.278,112.889,301,299,0,1
@ARDAT,1870319,1668187464000,-6.767,113.203,313.5,306,1,1
@ARDAT,1870320,1668187466000,-9.032,113.941,254.2,145,1,1
@ARDAT,1870321,1668187467000,-6.589,113.712,324.3,284,1,1
@ARDAT,1870322,1668187467000,-6.941,113.859,322.1,243,1,1
@ARDAT,1870323,1668187467000,-6.721,113.887,325.9,261,1,1
@ARDAT,1870324,1668187467000,-5.830,113.416,327.7,372,0,1
@ARDAT,1870325,1668187473000,-7.043,113.934,322,229,1,1
@ARDAT,1870326,1668187479000,-7.195,112.909,302.7,302,1,1
@ARDAT,1870327,1668187480000,-7.052,113.020,306.5,301,0,1
@ARDAT,1870328,1668187489000,-7.214,112.930,302.6,299,0,1
@ARDAT,1870329,1668187490000,-7.107,113.856,319.2,229,1,1
@ARDAT,1870330,1668187490000,-6.977,113.648,317.4,255,2,1
@ARDAT,1870331,1668187490000,-6.835,113.746,321.5,260,1,1
@ARDAT,1870332,1668187490000,-6.946,113.883,322.5,241,1,1
@ARDAT,1870333,1668187490000,-7.133,113.938,320.5,221,2,1
@ARDAT,1870334,1668187491000,-7.096,114.107,325.1,213,0,1
@ARDAT,1870335,1668187509000,-6.914,113.179,310.9,297,2,1
@ARDAT,1870336,1668187509000,-5.778,113.362,327.4,380,0,1
@ARDAT,1870337,1668187509000,-6.938,113.624,317.6,260,1,1
@ARDAT,1870338,1668187510000,-8.617,112.876,271.3,257,1,1
@ARDAT,1870339,1668187510000,-8.808,113.452,265.6,194,1,1
@ARDAT,1870340,1668187511000,-8.722,113.757,268.1,160,1,1
@ARDAT,1870341,1668187511000,-8.823,113.617,264.6,176,1,1
@ARDAT,1870342,1668187512000,-8.795,113.542,265.8,184,2,1
@ARDAT,1870343,1668187512000,-8.315,121.084,86.9,648,1,0
@ARDAT,1870344,1668187512000,-8.883,113.679,262.2,170,1,1
@ARDAT,1870345,1668187516000,-9.040,113.887,254.5,151,0,1
@ARDAT,1870346,1668187522000,-8.842,113.912,262.6,144,1,1
@ARDAT,1870347,1668187535000,-8.936,113.632,260.5,176,0,1
@ARDAT,1870348,1668187546000,-6.934,113.032,308.6,308,0,1
@ARDAT,1870349,1668187549000,-9.002,113.348,259.9,208,1,1
@ARDAT,1870350,1668187549000,-9.483,112.700,251.9,290,0,1
@ARDAT,1870351,1668187549000,-9.004,113.774,257,162,0,1
@ARDAT,1870352,1668187551000,-7.079,113.875,320.1,230,1,1
@ARDAT,1870353,1668187551000,-7.094,113.735,317,239,1,1
@ARDAT,1870354,1668187551000,-6.983,114.064,325.9,226,0,1
@ARDAT,1870355,1668187551000,-7.153,113.927,319.9,220,0,1
@ARDAT,1870356,1668187554000,-4.299,115.760,7.2,488,0,0
@ARDAT,1870357,1668187559000,-6.594,109.411,289.4,680,0,0
@ARDAT,1870358,1668187560000,-8.162,113.187,284.2,230,0,1
@ARDAT,1870359,1668187565000,-8.963,113.609,259.7,179,0,1
@ARDAT,1870360,1668187566000,-8.923,113.805,259.9,157,2,1
@ARDAT,1870361,1668187571000,-10.511,116.618,142.8,255,1,0
@ARDAT,1870362,1668187571000,-5.691,113.640,332.2,373,2,1
@ARDAT,1870363,1668187571000,-11.989,118.112,139.3,485,2,0
@ARDAT,1870364,1668187572000,-10.569,116.750,141.2,269,1,0
@ARDAT,1870365,1668187573000,-7.098,113.909,320.5,226,1,1
@ARDAT,1870366,1668187574000,-6.945,112.852,306.2,323,0,1
@ARDAT,1870367,1668187574000,-7.016,112.923,305.9,312,0,1
@ARDAT,1870368,1668187575000,-7.381,112.881,299,294,0,1
@ARDAT,1870369,1668187575000,-7.107,112.708,302,326,0,1
@ARDAT,1870370,1668187581000,-13.327,116.218,168,526,0,0
@ARDAT,1870371,1668187581000,-11.987,115.863,169,373,1,0
@ARDAT,1870372,1668187581000,-9.099,113.601,255.1,183,0,1
@ARDAT,1870373,1668187582000,-8.811,113.863,264.2,149,1,1
@ARDAT,1870374,1668187590000,-7.114,113.713,316.2,239,0,1
@ARDAT,1870375,1668187590000,-6.944,113.082,309.1,303,1,1
@ARDAT,1870376,1668187595000,-8.846,113.802,263,156,0,1
@ARDAT,1870377,1668187596000,-8.924,113.602,261.1,179,2,1
@ARDAT,1870378,1668187597000,-9.014,114.737,234.4,64,1,0
@ARDAT,1870379,1668187604000,-13.793,112.633,206.2,632,0,0
@ARDAT,1870380,1668187604000,-12.925,113.281,204,515,0,0
@ARDAT,1870381,1668187604000,-11.896,113.336,209.8,411,0,0
@ARDAT,1870382,1668187608000,-7.011,113.075,307.9,299,1,1
@ARDAT,1870383,1668187608000,-6.849,113.127,311.2,306,1,1
@ARDAT,1870384,1668187608000,-7.077,112.990,305.7,302,1,1
@ARDAT,1870385,1668187610000,-10.719,119.850,114.3,557,0,0
@ARDAT,1870386,1668187611000,-7.049,114.079,325.2,219,0,1
@ARDAT,1870387,1668187612000,-9.559,112.648,250.7,298,0,1
@ARDAT,1870388,1668187612000,-9.060,113.883,253.7,152,1,1
@ARDAT,1870389,1668187612000,-9.429,112.826,252.2,275,0,1
@ARDAT,1870390,1668187612000,-9.698,112.968,245.2,271,1,1
@ARDAT,1870391,1668187612000,-9.803,112.627,246.1,310,0,1
@ARDAT,1870392,1668187613000,-8.918,113.998,258.6,136,0,1
@ARDAT,1870393,1668187628000,-8.428,117.074,82.5,207,1,0
@ARDAT,1870394,1668187629000,-8.838,113.856,263.1,150,1,1
@ARDAT,1870395,1668187629000,-8.962,113.970,256.9,140,1,1
@ARDAT,1870396,1668187634000,-6.997,111.079,291.9,492,0,0
@ARDAT,1870397,1668187635000,-8.994,114.176,252.8,119,2,0
@ARDAT,1870398,1668187639000,-8.669,117.654,90,269,2,0
@ARDAT,1870399,1668187645000,-7.119,113.870,319.3,227,1,1
@ARDAT,1870400,1668187645000,-5.660,113.870,336,365,1,1
@ARDAT,1870401,1668187645000,-7.132,114.042,322.9,214,0,1
@ARDAT,1870402,1668187648000,-8.832,113.746,263.8,162,1,1
@ARDAT,1870403,1668187648000,-8.783,113.678,265.9,169,1,1
@ARDAT,1870404,1668187648000,-8.926,113.529,261.4,187,1,1
@ARDAT,1870405,1668187648000,-8.791,114.043,264.3,129,0,1
@ARDAT,1870406,1668187648000,-8.864,113.777,262.4,159,1,1
@ARDAT,1870407,1668187649000,-8.881,113.559,262.8,183,1,1
@ARDAT,1870408,1668187649000,-8.926,113.833,259.6,154,1,1
@ARDAT,1870409,1668187649000,-8.971,113.564,259.7,184,1,1
@ARDAT,1870410,1668187649000,-5.607,113.834,335.8,372,2,1
@ARDAT,1870411,1668187649000,-5.448,113.661,334.3,396,1,1
@ARDAT,1870412,1668187661000,-8.720,113.920,268,142,1,1
@ARDAT,1870413,1668187662000,-7.000,113.961,323.3,231,0,1
@ARDAT,1870414,1668187663000,-8.397,118.340,85.1,346,2,0
@ARDAT,1870415,1668187667000,-12.878,113.523,201.5,500,0,0
@ARDAT,1870416,1668187669000,-6.973,113.791,320.2,245,1,1
@ARDAT,1870417,1668187669000,-6.988,113.690,318,251,1,1
@ARDAT,1870418,1668187674000,-8.944,113.855,258.7,152,1,1
@ARDAT,1870419,1668187682000,-8.902,113.810,260.7,156,1,1
@ARDAT,1870420,1668187682000,-8.792,113.624,265.7,175,1,1
@ARDAT,1870421,1668187682000,-8.758,113.740,266.7,162,1,1
@ARDAT,1870422,1668187682000,-8.728,113.821,267.8,153,1,1
@ARDAT,1870423,1668187682000,-8.924,113.759,260.2,162,0,1
@ARDAT,1870424,1668187692000,-9.074,113.529,256.5,190,0,1
@ARDAT,1870425,1668187692000,-8.865,114.007,261,134,2,1
@ARDAT,1870426,1668187692000,-8.952,113.996,257.1,137,0,1
@ARDAT,1870427,1668187695000,-6.710,110.141,290.9,600,0,0
@ARDAT,1870428,1668187699000,-7.134,112.787,302.4,317,0,1
@ARDAT,1870429,1668187709000,-8.757,114.031,266,130,0,1
@ARDAT,1870430,1668187710000,-8.724,114.030,267.6,130,1,1
@ARDAT,1870431,1668187713000,-7.062,113.925,321.5,228,0,1
@ARDAT,1870432,1668187713000,-6.865,113.223,312.3,297,1,1
@ARDAT,1870433,1668187714000,-8.928,113.713,260.3,167,0,1
@ARDAT,1870434,1668187719000,-11.521,113.962,203.4,343,1,0
@ARDAT,1870435,1668187719000,-12.293,114.100,196.8,418,0,0
@ARDAT,1870436,1668187725000,-6.919,113.742,320.1,253,2,1
@ARDAT,1870437,1668187725000,-7.090,113.948,321.5,224,1,1
@ARDAT,1870438,1668187726000,-8.572,113.096,272.7,233,0,1
@ARDAT,1870439,1668187729000,-5.435,115.499,5.1,360,1,0
@ARDAT,1870440,1668187730000,-6.948,113.750,319.8,250,0,1
@ARDAT,1870441,1668187731000,-7.267,112.907,301.4,298,1,1
@ARDAT,1870442,1668187731000,-4.689,115.481,3.9,442,1,0
@ARDAT,1870443,1668187731000,-7.267,112.960,302,293,1,1
@ARDAT,1870444,1668187731000,-7.286,112.948,301.5,293,1,1
@ARDAT,1870445,1668187731000,-7.215,112.983,303.2,294,1,1
@ARDAT,1870446,1668187736000,-8.746,113.894,266.9,145,2,1
@ARDAT,1870447,1668187736000,-8.714,113.684,268.5,168,2,1
@ARDAT,1870448,1668187737000,-8.994,113.735,257.7,166,0,1
@ARDAT,1870449,1668187737000,-8.837,113.774,263.5,159,2,1
@ARDAT,1870450,1668187740000,-6.978,113.340,312.2,279,1,1
@ARDAT,1870451,1668187740000,-7.022,113.788,319.3,241,1,1
@ARDAT,1870452,1668187743000,-12.422,113.883,199.2,439,1,0
@ARDAT,1870453,1668187743000,-12.521,113.467,204,466,1,0
@ARDAT,1870454,1668187745000,-6.870,112.921,308.2,322,0,1
@ARDAT,1870455,1668187745000,-7.309,112.913,300.7,295,0,1
@ARDAT,1870456,1668187746000,-9.018,113.853,255.7,154,0,1
@ARDAT,1870457,1668187746000,-9.521,112.760,250.7,285,0,1
@ARDAT,1870458,1668187751000,-4.475,115.349,1.9,465,0,0
@ARDAT,1870459,1668187756000,-8.979,113.778,257.9,161,1,1
@ARDAT,1870460,1668187756000,-8.730,113.812,267.7,154,1,1
@ARDAT,1870461,1668187760000,-5.761,113.531,330,372,1,1
@ARDAT,1870462,1668187764000,-7.176,113.859,318,223,1,1
@ARDAT,1870463,1668187764000,-7.119,114.090,324.3,212,1,1
@ARDAT,1870464,1668187764000,-6.998,113.950,323.1,232,1,1
@ARDAT,1870465,1668187764000,-7.160,113.850,318.1,225,1,1
@ARDAT,1870466,1668187775000,-8.895,114.030,259.4,132,1,1
@ARDAT,1870467,1668187776000,-8.931,113.806,259.6,157,0,1
@ARDAT,1870468,1668187789000,-5.586,113.210,327,407,0,1
@ARDAT,1870469,1668187794000,-8.206,112.860,281.2,264,1,1
@ARDAT,1870470,1668187794000,-6.457,110.199,293.6,605,0,0
@ARDAT,1870471,1668187794000,-7.473,110.969,285.6,486,1,0
@ARDAT,1870472,1668187803000,-8.986,113.864,256.9,152,0,1
@ARDAT,1870473,1668187803000,-9.516,112.788,250.6,282,1,1
@ARDAT,1870474,1668187803000,-6.863,112.904,308.1,324,0,1
@ARDAT,1870475,1668187803000,-7.090,112.992,305.5,301,0,1
@ARDAT,1870476,1668187803000,-7.015,112.946,306.2,310,0,1
@ARDAT,1870477,1668187804000,-4.446,115.114,358.7,468,1,0
@ARDAT,1870478,1668187807000,-14.620,115.636,176,659,1,0
@ARDAT,1870479,1668187808000,-11.909,113.397,208.9,409,1,0
@ARDAT,1870480,1668187808000,-13.917,112.534,206.5,649,2,0
@ARDAT,1870481,1668187817000,-4.281,114.950,356.6,487,2,0
@ARDAT,1870482,1668187825000,-7.072,114.031,323.7,220,1,1
@ARDAT,1870483,1668187825000,-7.054,113.877,320.6,232,1,1
@ARDAT,1870484,1668187825000,-7.111,114.085,324.3,213,1,1
@ARDAT,1870485,1668187826000,-8.859,113.969,261.5,138,1,1
@ARDAT,1870486,1668187826000,-8.706,113.929,268.6,141,1,1
@ARDAT,1870487,1668187839000,-8.539,116.447,83.7,137,1,0
@ARDAT,1870488,1668187839000,-8.826,114.056,262.5,128,0,1
@ARDAT,1870489,1668187841000,-8.499,113.229,275,219,1,1
@ARDAT,1870490,1668187850000,-12.861,113.947,196.5,483,0,0
@ARDAT,1870491,1668187857000,-7.006,112.908,305.9,314,0,1
@ARDAT,1870492,1668187858000,-8.696,116.827,90.8,178,2,0
@ARDAT,1870493,1668187858000,-8.979,113.871,257.1,151,2,1
@ARDAT,1870494,1668187859000,-8.761,113.649,266.8,172,0,1
@ARDAT,1870495,1668187870000,-4.329,116.273,13.8,495,0,0
@ARDAT,1870496,1668187883000,-8.974,113.777,258.1,161,0,1
@ARDAT,1870497,1668187883000,-7.247,110.026,285.1,593,1,0
@ARDAT,1870498,1668187888000,-10.414,117.776,124.5,341,1,0
@ARDAT,1870499,1668187900000,-8.899,113.957,259.8,140,1,1
@ARDAT,1870500,1668187900000,-8.939,113.761,259.6,162,2,1
@ARDAT,1870501,1668187900000,-8.951,113.505,260.7,190,1,1
@ARDAT,1870502,1668187906000,-3.766,115.492,3.30000000000001,544,1,0
@ARDAT,1870503,1668187909000,-7.141,113.248,308,275,1,1
@ARDAT,1870504,1668187909000,-7.004,112.898,305.8,315,0,1
@ARDAT,1870505,1668187909000,-6.915,113.048,309.1,308,0,1
@ARDAT,1870506,1668187910000,-6.821,112.973,309.6,321,0,1
@ARDAT,1870507,1668187919000,-13.275,115.038,182.1,509,1,0
@ARDAT,1870508,1668187922000,-8.278,113.058,280.4,241,0,1
@ARDAT,1870509,1668187934000,-8.924,113.814,259.8,156,0,1
@ARDAT,1870510,1668187939000,-7.104,113.959,321.5,222,2,1
@ARDAT,1870511,1668187943000,-11.125,114.213,201.9,292,1,0
@ARDAT,1870512,1668187947000,-7.068,114.100,325.4,216,1,1
@ARDAT,1870513,1668187948000,-7.047,113.872,320.6,233,1,1
@ARDAT,1870514,1668187948000,-7.139,113.902,319.6,223,2,1
@ARDAT,1870515,1668187948000,-7.100,113.892,320.1,227,1,1
@ARDAT,1870516,1668187948000,-5.743,113.907,336,355,2,1
@ARDAT,1870517,1668187950000,-8.837,113.957,262.6,139,2,1
@ARDAT,1870518,1668187951000,-8.943,113.780,259.3,160,1,1
@ARDAT,1870519,1668187952000,-8.852,114.033,261.4,131,1,1
@ARDAT,1870520,1668187958000,-7.059,111.575,293.8,439,1,0
@ARDAT,1870521,1668187960000,-5.302,115.987,13,383,0,0
@ARDAT,1870522,1668187960000,-4.479,115.664,6.2,467,2,1
@ARDAT,1870523,1668187970000,-6.885,112.840,307,328,0,1
@ARDAT,1870524,1668187970000,-7.014,113.072,307.8,299,1,1
@ARDAT,1870525,1668187970000,-7.176,112.933,303.3,301,2,1
@ARDAT,1870526,1668187980000,-8.810,113.917,264,143,0,1
@ARDAT,1870527,1668187980000,-8.270,113.115,280.9,235,0,1
@ARDAT,1870528,1668187981000,-8.588,113.204,272.4,221,0,1
@ARDAT,1870529,1668187981000,-8.891,113.993,259.9,136,0,1
@ARDAT,1870530,1668187987000,-6.990,113.975,323.8,231,0,1
@ARDAT,1870531,1668187988000,-5.590,113.560,331.8,387,1,1
@ARDAT,1870532,1668187990000,-12.779,112.705,210.9,530,1,0
@ARDAT,1870533,1668187990000,-11.804,114.234,197.1,362,1,0
@ARDAT,1870534,1668187990000,-12.017,113.762,203.1,402,0,0
@ARDAT,1870535,1668187991000,-7.245,114.058,321.2,203,1,1
@ARDAT,1870536,1668188000000,-10.242,120.404,107.3,596,0,0
@ARDAT,1870537,1668188003000,-8.906,113.894,260,147,1,1
@ARDAT,1870538,1668188027000,-12.662,112.519,213.5,530,2,0
@ARDAT,1870539,1668188027000,-13.070,113.119,205,537,2,0
@ARDAT,1870540,1668188034000,-12.363,113.963,198.4,430,0,0
@ARDAT,1870541,1668188034000,-11.024,113.951,207.9,294,0,0
@ARDAT,1870542,1668188034000,-10.242,114.542,202.9,188,0,0
@ARDAT,1870543,1668188036000,-8.173,113.174,283.8,231,1,1
@ARDAT,1870544,1668188036000,-8.213,112.692,280.3,282,1,1
@ARDAT,1870545,1668188036000,-7.266,110.587,286.7,533,0,0
@ARDAT,1870546,1668188037000,-5.679,113.299,327.4,393,1,1
@ARDAT,1870547,1668188039000,-8.932,113.917,258.7,145,1,1
@ARDAT,1870548,1668188040000,-8.806,114.109,263.2,122,0,1
@ARDAT,1870549,1668188040000,-8.834,114.076,262,126,1,1
@ARDAT,1870550,1668188040000,-8.589,113.159,272.3,226,1,1
@ARDAT,1870551,1668188040000,-8.876,113.595,262.8,179,2,1
@ARDAT,1870552,1668188040000,-8.827,114.139,261.9,119,0,1
@ARDAT,1870553,1668188040000,-8.817,113.891,263.8,146,1,1
@ARDAT,1870554,1668188045000,-6.982,113.970,323.8,232,0,1
@ARDAT,1870555,1668188057000,-7.148,113.977,321.1,217,1,1
@ARDAT,1870556,1668188057000,-8.452,113.042,275.8,240,1,1
@ARDAT,1870557,1668188057000,-8.331,113.077,279.1,238,2,1
@ARDAT,1870558,1668188057000,-7.057,110.552,288.9,544,1,1
@ARDAT,1870559,1668188086000,-7.412,111.206,287.3,463,0,1
@ARDAT,1870560,1668188099000,-8.759,113.822,266.5,153,1,1
@ARDAT,1870561,1668188099000,-8.908,113.866,260.1,150,1,1
@ARDAT,1870562,1668188099000,-8.864,113.576,263.3,181,1,1
@ARDAT,1870563,1668188099000,-8.874,113.742,262.2,163,1,1
@ARDAT,1870564,1668188106000,-8.446,113.189,276.4,224,0,1
@ARDAT,1870565,1668188107000,-12.025,113.499,206.7,415,0,0
@ARDAT,1870566,1668188107000,-11.526,113.800,206,351,0,0
@ARDAT,1870567,1668188107000,-12.129,113.444,206.7,428,1,0
@ARDAT,1870568,1668188107000,-10.724,114.407,201.2,243,0,0
@ARDAT,1870569,1668188107000,-12.302,113.490,205,443,2,0
@ARDAT,1870570,1668188109000,-7.188,114.197,325.8,199,1,1
@ARDAT,1870571,1668188128000,-5.434,113.606,333.6,400,0,1
@ARDAT,1870572,1668188131000,-8.971,113.610,259.4,179,0,1
@ARDAT,1870573,1668188138000,-9.664,112.580,249.1,309,1,1
@ARDAT,1870574,1668188141000,-5.557,113.451,330.5,396,2,1
@ARDAT,1870575,1668188141000,-5.628,113.831,335.6,370,1,1
@ARDAT,1870576,1668188146000,-5.505,114.009,339.2,375,1,1
@ARDAT,1870577,1668188146000,-11.312,111.426,234.6,507,0,0
@ARDAT,1870578,1668188152000,-2.791,115.680,4.6,653,1,0
@ARDAT,1870579,1668188169000,-8.774,113.941,265.5,140,1,1
@ARDAT,1870580,1668188174000,-7.115,112.767,302.5,320,0,1
@ARDAT,1870581,1668188174000,-7.010,112.905,305.8,314,0,1
@ARDAT,1870582,1668188175000,-7.282,112.803,300,307,1,1
@ARDAT,1870583,1668188197000,-8.720,113.757,268.2,160,1,1
@ARDAT,1870584,1668188197000,-8.861,113.786,262.5,158,2,1
@ARDAT,1870585,1668188197000,-8.928,114.046,257.7,131,1,1
@ARDAT,1870586,1668188197000,-8.895,114.049,259.2,130,0,1
@ARDAT,1870587,1668188197000,-8.722,114.102,267.6,122,0,1
@ARDAT,1870588,1668188197000,-13.651,113.558,198,579,0,0
@ARDAT,1870589,1668188197000,-12.070,112.959,213.1,449,2,1
@ARDAT,1870590,1668188197000,-12.285,113.475,205.3,442,0,1
@ARDAT,1870591,1668188198000,-8.783,113.997,264.9,134,0,1
@ARDAT,1870592,1668188202000,-6.919,114.047,326.5,233,1,1
@ARDAT,1870593,1668188236000,-5.754,113.561,330.5,371,1,1
@ARDAT,1870594,1668188236000,-8.825,114.001,262.9,134,1,1
@ARDAT,1870595,1668188237000,-8.908,113.820,260.4,155,1,1
@ARDAT,1870596,1668188239000,-10.316,118.283,118.5,383,1,0
@ARDAT,1870597,1668188239000,-8.775,115.384,119.5,22,2,0
@ARDAT,1870598,1668188239000,-10.205,118.401,116,389,1,0
@ARDAT,1870599,1668188239000,-10.523,118.533,119.5,418,2,0
@ARDAT,1870600,1668188239000,-10.101,117.933,118,338,1,0
@ARDAT,1870601,1668188241000,-12.788,113.019,207.6,514,0,1
@ARDAT,1870602,1668188243000,-7.299,111.524,290.3,434,2,1
@ARDAT,1870603,1668188245000,-9.660,112.491,249.8,318,0,1
@ARDAT,1870604,1668188247000,-7.192,110.764,288.2,517,0,1
@ARDAT,1870605,1668188259000,-7.069,113.817,319.1,235,1,1
@ARDAT,1870606,1668188259000,-6.994,113.696,318,250,1,1
@ARDAT,1870607,1668188259000,-7.068,113.875,320.3,231,1,1
@ARDAT,1870608,1668188261000,-5.512,113.278,328.5,410,0,1
@ARDAT,1870609,1668188268000,-8.338,113.121,279.1,233,1,1
@ARDAT,1870610,1668188268000,-8.337,112.644,277.4,285,1,1
@ARDAT,1870611,1668188268000,-8.271,112.691,279,281,1,1
@ARDAT,1870612,1668188268000,-8.398,112.883,276.7,258,1,1
@ARDAT,1870613,1668188268000,-7.648,111.428,285,432,2,1
@ARDAT,1870614,1668188270000,-5.517,113.304,328.8,408,1,1
@ARDAT,1870615,1668188271000,-7.119,113.940,320.8,222,2,1
@ARDAT,1870616,1668188272000,-8.973,114.085,255.1,128,1,1
@ARDAT,1870617,1668188273000,-9.505,112.793,250.8,281,1,1
@ARDAT,1870618,1668188279000,-7.062,113.002,306.1,302,2,1
@ARDAT,1870619,1668188279000,-8.842,113.628,263.9,175,1,1
@ARDAT,1870620,1668188279000,-8.965,113.924,257.2,145,1,1
@ARDAT,1870621,1668188279000,-8.770,113.905,265.8,144,1,1
@ARDAT,1870622,1668188286000,-5.494,113.711,334.7,389,0,1
@ARDAT,1870623,1668188288000,-9.815,117.937,113,325,1,0
@ARDAT,1870624,1668188297000,-7.386,110.787,286,508,0,1
@ARDAT,1870625,1668188303000,-7.484,111.497,287.6,430,1,1
@ARDAT,1870626,1668188304000,-6.968,114.022,325.2,230,0,1
@ARDAT,1870627,1668188309000,-7.049,112.866,304.7,315,0,1
@ARDAT,1870628,1668188317000,-4.401,114.920,356.1,474,0,1
@ARDAT,1870629,1668188328000,-8.942,114.040,257.1,132,1,1
@ARDAT,1870630,1668188328000,-8.730,113.993,267.4,134,1,1
@ARDAT,1870631,1668188328000,-8.739,113.939,267.1,140,0,1
@ARDAT,1870632,1668188330000,-9.514,112.633,251.7,298,0,1
@ARDAT,1870633,1668188338000,-6.903,113.733,320.2,255,0,1
@ARDAT,1870634,1668188346000,-8.131,113.129,284.6,237,1,1
@ARDAT,1870635,1668188350000,-8.962,113.544,260.1,186,1,1
@ARDAT,1870636,1668188351000,-7.122,113.995,322,218,1,1
@ARDAT,1870637,1668188366000,-8.883,114.084,259.5,126,0,1
@ARDAT,1870638,1668188380000,-6.984,113.820,320.6,242,1,1
@ARDAT,1870639,1668188380000,-6.884,113.109,310.4,305,0,1
@ARDAT,1870640,1668188380000,-6.809,113.126,311.8,309,1,1
@ARDAT,1870641,1668188380000,-7.006,113.983,323.7,229,1,1
@ARDAT,1870642,1668188380000,-6.771,113.039,311.2,319,1,1
@ARDAT,1870643,1668188386000,-8.808,113.963,263.9,138,1,1
@ARDAT,1870644,1668188386000,-8.716,113.957,268.1,138,1,1
@ARDAT,1870645,1668188386000,-8.871,113.953,261.1,140,0,1
@ARDAT,1870646,1668188386000,-9.573,112.432,251.8,321,2,1
@ARDAT,1870647,1668188392000,-5.273,113.672,335.6,413,2,1
@ARDAT,1870648,1668188407000,-7.603,111.697,286.8,405,1,1
@ARDAT,1870649,1668188410000,-4.457,115.629,5.7,469,0,1
@ARDAT,1870650,1668188411000,-4.275,114.796,354.6,489,1,1
@ARDAT,1870651,1668188414000,-8.625,113.003,271.2,243,1,1
@ARDAT,1870652,1668188414000,-8.725,113.902,267.8,144,1,1
@ARDAT,1870653,1668188414000,-8.863,113.585,263.3,180,1,1
@ARDAT,1870654,1668188414000,-8.863,113.731,262.7,164,1,1
@ARDAT,1870655,1668188415000,-8.865,113.832,262.1,153,1,1
@ARDAT,1870656,1668188426000,-6.989,113.138,309.1,295,0,1
@ARDAT,1870657,1668188428000,-6.980,112.973,307.1,310,0,1
@ARDAT,1870658,1668188429000,-7.184,112.927,303.1,301,0,1
@ARDAT,1870659,1668188443000,-8.085,112.766,283.5,277,1,1
@ARDAT,1870660,1668188443000,-7.689,111.671,285.4,405,0,1
@ARDAT,1870661,1668188443000,-7.604,111.744,287,400,0,1
@ARDAT,1870662,1668188448000,-7.678,111.939,286.8,377,1,1
@ARDAT,1870663,1668188448000,-7.619,111.682,286.5,406,1,1
@ARDAT,1870664,1668188455000,-7.024,114.100,326.1,220,0,1
@ARDAT,1870665,1668188457000,-7.403,111.970,291.3,384,1,1
@ARDAT,1870666,1668188457000,-7.699,111.885,286.2,382,1,1
@ARDAT,1870667,1668188462000,-8.945,113.725,259.6,166,0,1
@ARDAT,1870668,1668188485000,-8.939,113.789,259.4,159,1,1
@ARDAT,1870669,1668188485000,-8.804,113.972,264,137,1,1
@ARDAT,1870670,1668188488000,-6.802,112.894,308.9,329,0,1
@ARDAT,1870671,1668188494000,-12.858,113.158,205.7,514,1,1
@ARDAT,1870672,1668188494000,-12.107,113.324,208.4,432,0,1
@ARDAT,1870673,1668188494000,-13.150,113.630,199.1,524,0,1
@ARDAT,1870674,1668188494000,-12.166,113.456,206.3,431,1,1
@ARDAT,1870675,1668188506000,-8.291,113.065,280.1,240,1,1
@ARDAT,1870676,1668188506000,-8.425,113.072,276.6,237,1,1
@ARDAT,1870677,1668188506000,-8.403,112.746,276.2,273,1,1
@ARDAT,1870678,1668188506000,-8.272,112.774,279.3,272,1,1
@ARDAT,1870679,1668188511000,-8.925,113.916,259,145,1,1
@ARDAT,1870680,1668188512000,-8.816,114.119,262.6,121,1,1
@ARDAT,1870681,1668188522000,-6.920,114.012,325.7,235,1,1
@ARDAT,1870682,1668188526000,-8.492,113.111,274.9,232,1,1
@ARDAT,1870683,1668188526000,-8.418,113.082,276.8,236,1,1
@ARDAT,1870684,1668188535000,-5.377,113.663,334.8,403,0,1
@ARDAT,1870685,1668188535000,-5.510,113.595,332.9,393,0,1
@ARDAT,1870686,1668188537000,-7.189,113.779,316.1,228,2,1
@ARDAT,1870687,1668188537000,-6.887,113.782,321.4,253,1,1
@ARDAT,1870688,1668188537000,-4.391,115.262,0.7,474,1,1
@ARDAT,1870689,1668188537000,-4.502,115.523,4.3,463,1,1
@ARDAT,1870690,1668188541000,-9.675,112.711,247.9,296,1,1
@ARDAT,1870691,1668188541000,-9.684,112.715,247.7,296,0,1
@ARDAT,1870692,1668188553000,-9.772,112.963,243.7,275,0,1
@ARDAT,1870693,1668188558000,-12.087,118.221,139.1,501,0,0
@ARDAT,1870694,1668188559000,-12.068,117.812,143,471,0,0
@ARDAT,1870695,1668188559000,-8.535,112.980,273.5,246,0,1
@ARDAT,1870696,1668188562000,-7.171,112.882,302.8,306,1,1
@ARDAT,1870697,1668188562000,-7.248,112.886,301.5,301,0,1
@ARDAT,1870698,1668188573000,-10.627,116.516,146.5,259,0,0
@ARDAT,1870699,1668188573000,-11.054,116.792,146.7,315,1,0
@ARDAT,1870700,1668188587000,-12.085,113.498,206.3,421,1,1
@ARDAT,1870701,1668188587000,-12.765,113.390,203.6,494,1,1
@ARDAT,1870702,1668188588000,-12.036,113.363,208.4,423,1,1
@ARDAT,1870703,1668188588000,-11.735,113.438,209.7,390,1,1
@ARDAT,1870704,1668188604000,-8.934,113.816,259.4,156,1,1
@ARDAT,1870705,1668188617000,-6.797,112.969,309.9,323,1,1
@ARDAT,1870706,1668188617000,-7.160,112.792,302,315,0,1
@ARDAT,1870707,1668188625000,-7.740,112.119,286.7,356,1,1
@ARDAT,1870708,1668188625000,-7.527,112.174,290.6,358,1,1
@ARDAT,1870709,1668188625000,-7.408,112.153,292.4,365,1,1
@ARDAT,1870710,1668188625000,-5.813,113.342,326.8,378,0,1
@ARDAT,1870711,1668188626000,-7.114,113.876,319.5,227,1,1
@ARDAT,1870712,1668188626000,-7.040,113.852,320.3,235,1,1
@ARDAT,1870713,1668188629000,-5.887,113.853,334,343,2,1
@ARDAT,1870714,1668188629000,-5.636,113.770,334.6,372,1,1
@ARDAT,1870715,1668188630000,-6.001,113.826,332.6,333,0,1
@ARDAT,1870716,1668188630000,-5.881,113.541,329.1,360,1,1
@ARDAT,1870717,1668188631000,-7.180,113.909,319,219,1,1
@ARDAT,1870718,1668188631000,-7.147,113.993,321.5,216,1,1
@ARDAT,1870719,1668188637000,-7.677,112.331,289,336,1,1
@ARDAT,1870720,1668188637000,-8.263,112.913,280.1,257,1,1
@ARDAT,1870721,1668188638000,-7.718,111.729,285.2,398,1,1
@ARDAT,1870722,1668188641000,-4.462,115.459,3.4,467,0,1
@ARDAT,1870723,1668188641000,-4.383,115.098,358.5,475,1,1
@ARDAT,1870724,1668188642000,-8.773,114.133,264.8,119,1,1
@ARDAT,1870725,1668188642000,-8.784,114.170,264,115,1,1
@ARDAT,1870726,1668188659000,-7.012,113.872,321.2,236,1,1
@ARDAT,1870727,1668188663000,-7.415,112.200,292.6,360,0,1
@ARDAT,1870728,1668188664000,-10.036,112.679,241.4,316,0,1
@ARDAT,1870729,1668188664000,-8.860,113.951,261.6,140,1,1
@ARDAT,1870730,1668188665000,-8.853,113.849,262.5,151,2,1
@ARDAT,1870731,1668188665000,-8.868,113.842,261.9,152,1,1
@ARDAT,1870732,1668188665000,-8.718,114.084,267.8,124,1,1
@ARDAT,1870733,1668188666000,-9.500,112.677,251.7,293,2,1
@ARDAT,1870734,1668188669000,-11.032,120.739,113.7,660,1,0
@ARDAT,1870735,1668188685000,-5.622,113.936,337.3,366,1,1
@ARDAT,1870736,1668188685000,-5.746,114.088,339,347,0,1
@ARDAT,1870737,1668188686000,-10.332,119.408,112,496,1,0
@ARDAT,1870738,1668188690000,-7.223,112.827,301.3,308,0,1
@ARDAT,1870739,1668188695000,-8.827,114.038,262.6,130,0,1
@ARDAT,1870740,1668188695000,-8.903,114.236,256.8,110,0,1
@ARDAT,1870741,1668188697000,-8.328,112.856,278.3,262,1,1
@ARDAT,1870742,1668188715000,-7.532,112.123,290.2,363,1,1
@ARDAT,1870743,1668188715000,-7.478,112.096,290.9,368,1,1
@ARDAT,1870744,1668188715000,-7.569,112.255,290.4,348,1,1
@ARDAT,1870745,1668188717000,-6.919,113.021,308.7,310,2,1
@ARDAT,1870746,1668188717000,-8.814,113.982,263.5,136,1,1
@ARDAT,1870747,1668188718000,-11.748,113.782,204.6,374,0,1
@ARDAT,1870748,1668188718000,-11.921,112.611,218.2,458,0,0
@ARDAT,1870749,1668188728000,-7.189,114.179,325.3,200,1,1
@ARDAT,1870750,1668188732000,-6.135,113.769,330.4,323,1,1
@ARDAT,1870751,1668188732000,-5.644,114.103,339.9,357,1,1
@ARDAT,1870752,1668188735000,-6.850,112.776,306.8,336,0,1
@ARDAT,1870753,1668188735000,-7.177,112.899,302.9,304,0,1
@ARDAT,1870754,1668188743000,-8.956,113.987,257,138,0,1
@ARDAT,1870755,1668188743000,-8.734,114.130,266.9,119,0,1
@ARDAT,1870756,1668188752000,-7.028,114.110,326.3,219,1,1
@ARDAT,1870757,1668188753000,-8.762,114.105,265.5,122,1,1
@ARDAT,1870758,1668188754000,-9.506,112.688,251.5,292,0,1
@ARDAT,1870759,1668188754000,-8.949,114.182,255,117,0,1
@ARDAT,1870760,1668188758000,-6.943,113.714,319.2,253,0,1
@ARDAT,1870761,1668188758000,-7.128,113.987,321.7,218,0,1
@ARDAT,1870762,1668188768000,-7.078,112.890,304.5,311,1,1
@ARDAT,1870763,1668188774000,-7.707,112.416,289,326,1,1
@ARDAT,1870764,1668188774000,-8.026,112.734,284.6,282,1,1
@ARDAT,1870765,1668188776000,-5.770,113.462,328.9,375,0,1
@ARDAT,1870766,1668188777000,-7.718,112.431,288.9,324,2,1
@ARDAT,1870767,1668188777000,-7.719,112.183,287.4,350,1,1
@ARDAT,1870768,1668188777000,-7.839,112.260,285.7,338,1,1
@ARDAT,1870769,1668188786000,-8.757,114.141,265.6,118,0,1
@ARDAT,1870770,1668188787000,-8.947,113.827,258.8,155,2,1
@ARDAT,1870771,1668188787000,-4.449,115.645,5.89999999999998,470,1,1
@ARDAT,1870772,1668188787000,-4.439,115.535,4.39999999999998,470,1,1
@ARDAT,1870773,1668188787000,-4.475,115.850,8.69999999999999,470,1,1
@ARDAT,1870774,1668188787000,-4.458,115.541,4.5,468,1,1
@ARDAT,1870775,1668188797000,-4.220,115.295,1.10000000000002,493,0,1
@ARDAT,1870776,1668188798000,-7.036,112.908,305.4,312,0,1
@ARDAT,1870777,1668188805000,-8.729,114.230,266.9,108,2,1
@ARDAT,1870778,1668188815000,-8.619,112.794,271.2,266,1,1
@ARDAT,1870779,1668188820000,-8.767,114.114,265.2,121,0,1
@ARDAT,1870780,1668188825000,-7.182,112.853,302.3,308,1,1
@ARDAT,1870781,1668188825000,-7.076,112.836,303.9,316,0,1
@ARDAT,1870782,1668188838000,-8.858,113.685,263.1,169,2,1
@ARDAT,1870783,1668188838000,-8.817,114.083,262.8,125,1,1
@ARDAT,1870784,1668188838000,-8.789,113.806,265.3,155,1,1
@ARDAT,1870785,1668188838000,-8.780,114.033,264.9,130,1,1
@ARDAT,1870786,1668188838000,-8.897,113.902,260.3,146,1,1
@ARDAT,1870787,1668188846000,-7.057,113.721,317.4,243,1,1
@ARDAT,1870788,1668188846000,-6.540,112.957,313.4,343,1,1
@ARDAT,1870789,1668188850000,-7.628,112.641,292.1,306,1,1
@ARDAT,1870790,1668188850000,-7.789,112.332,287,332,1,1
@ARDAT,1870791,1668188855000,-7.162,113.875,318.6,223,1,1
@ARDAT,1870792,1668188862000,-12.321,113.621,203.2,439,0,1
@ARDAT,1870793,1668188862000,-11.963,113.146,211.7,428,0,1
@ARDAT,1870794,1668188862000,-11.950,113.552,206.5,405,0,1
@ARDAT,1870795,1668188862000,-11.412,113.678,208.9,346,0,1
@ARDAT,1870796,1668188863000,-8.962,114.214,253.9,114,1,1
@ARDAT,1870797,1668188864000,-7.648,112.506,290.7,319,0,1
@ARDAT,1870798,1668188867000,-8.207,113.092,282.4,239,1,1
@ARDAT,1870799,1668188867000,-8.099,113.138,285.5,237,1,1
@ARDAT,1870800,1668188867000,-8.446,113.061,276,238,1,1
@ARDAT,1870801,1668188867000,-7.820,112.114,285.3,354,1,1
@ARDAT,1870802,1668188867000,-8.050,112.738,284.1,281,1,1
@ARDAT,1870803,1668188867000,-8.078,112.703,283.3,284,1,1
@ARDAT,1870804,1668188871000,-12.008,117.286,148.5,433,0,0
@ARDAT,1870805,1668188871000,-12.265,118.048,142.2,504,0,0
@ARDAT,1870806,1668188876000,-8.808,114.091,263.2,124,0,1
@ARDAT,1870807,1668188879000,-8.331,113.206,279.7,224,1,1
@ARDAT,1870808,1668188879000,-8.582,112.804,272.1,265,1,1
@ARDAT,1870809,1668188879000,-7.772,112.585,288.9,306,1,1
@ARDAT,1870810,1668188880000,-7.550,112.644,293.6,309,1,1
@ARDAT,1870811,1668188880000,-7.656,112.319,289.3,338,1,1
@ARDAT,1870812,1668188885000,-4.410,114.583,351.6,477,0,1
@ARDAT,1870813,1668188906000,-8.325,113.133,279.5,232,0,1
@ARDAT,1870814,1668188907000,-8.174,113.146,283.6,234,0,1
@ARDAT,1870815,1668188912000,-7.803,112.251,286.3,340,0,1
@ARDAT,1870816,1668188914000,-8.963,113.794,258.4,159,2,1
@ARDAT,1870817,1668188914000,-8.917,113.923,259.3,144,1,1
@ARDAT,1870818,1668188915000,-8.889,113.965,260.2,139,1,1
@ARDAT,1870819,1668188917000,-7.691,112.576,290.4,310,2,1
@ARDAT,1870820,1668188932000,-8.937,114.011,257.6,135,1,1
@ARDAT,1870821,1668188932000,-9.009,113.973,254.8,141,2,1
@ARDAT,1870822,1668188932000,-8.956,114.128,255.4,123,1,1
@ARDAT,1870823,1668188932000,-7.602,120.519,78.9,597,1,0
@ARDAT,1870824,1668188934000,-5.609,113.968,337.9,366,0,1
@ARDAT,1870825,1668188934000,-5.660,113.870,336,365,1,1
@ARDAT,1870826,1668188934000,-8.372,113.070,278,238,1,1
@ARDAT,1870827,1668188935000,-8.500,112.937,274.3,251,1,1
@ARDAT,1870828,1668188939000,-7.202,113.981,320.2,212,1,1
@ARDAT,1870829,1668188949000,-7.038,112.797,304.1,322,0,1
@ARDAT,1870830,1668188949000,-6.978,112.828,305.4,323,0,1
@ARDAT,1870831,1668188949000,-8.865,114.340,257.7,98,1,1
@ARDAT,1870832,1668188950000,-4.621,115.400,2.7,449,1,1
@ARDAT,1870833,1668188978000,-7.852,112.549,287.1,307,1,1
@ARDAT,1870834,1668188978000,-7.803,112.508,287.8,313,1,1
@ARDAT,1870835,1668188978000,-7.716,112.500,289.4,317,1,1
@ARDAT,1870836,1668188986000,-8.569,113.542,273.6,184,0,1
@ARDAT,1870837,1668188987000,-7.138,113.820,317.9,229,1,1
@ARDAT,1870838,1668188997000,-8.301,113.601,283.1,182,1,1
@ARDAT,1870839,1668188998000,-7.919,112.501,285.5,310,1,1
@ARDAT,1870840,1668188998000,-8.283,113.354,281.9,209,1,1
@ARDAT,1870841,1668189000000,-5.675,113.731,333.7,370,1,1
@ARDAT,1870842,1668189000000,-5.513,113.672,334,389,1,1
@ARDAT,1870843,1668189006000,-7.039,112.698,303,331,1,1
@ARDAT,1870844,1668189006000,-7.199,112.789,301.3,313,1,1
@ARDAT,1870845,1668189006000,-7.078,112.748,302.9,324,0,1
@ARDAT,1870846,1668189006000,-7.589,112.896,295.1,282,1,1
@ARDAT,1870847,1668189011000,-8.813,114.348,260.9,96,0,1
@ARDAT,1870848,1668189022000,-8.838,114.445,258,86,0,1
@ARDAT,1870849,1668189024000,-7.027,113.782,319.1,241,2,1
@ARDAT,1870850,1668189024000,-6.947,113.033,308.4,307,0,1
@ARDAT,1870851,1668189024000,-7.153,113.804,317.3,229,1,1
@ARDAT,1870852,1668189029000,-7.961,112.545,284.9,304,1,1
@ARDAT,1870853,1668189029000,-7.917,112.530,285.7,307,1,1
@ARDAT,1870854,1668189030000,-8.581,114.106,274.9,122,0,1
@ARDAT,1870855,1668189032000,-8.907,114.125,257.9,122,2,1
@ARDAT,1870856,1668189032000,-8.912,113.886,259.8,148,1,1
@ARDAT,1870857,1668189032000,-8.878,114.018,260.3,133,1,1
@ARDAT,1870858,1668189032000,-8.917,114.016,258.5,134,1,1
@ARDAT,1870859,1668189032000,-8.822,114.148,262.1,118,1,1
@ARDAT,1870860,1668189032000,-8.818,114.239,261.6,108,0,1
@ARDAT,1870861,1668189032000,-8.773,114.169,264.6,115,2,1
@ARDAT,1870862,1668189032000,-7.121,112.850,303.3,312,0,1
@ARDAT,1870863,1668189049000,-7.736,112.969,292.7,268,1,1
@ARDAT,1870864,1668189049000,-7.605,112.464,291.2,325,1,1
@ARDAT,1870865,1668189049000,-7.804,112.431,287.3,321,1,1
@ARDAT,1870866,1668189060000,-10.157,118.443,115,391,1,0
@ARDAT,1870867,1668189060000,-5.597,113.811,335.5,374,0,1
@ARDAT,1870868,1668189060000,-10.836,119.746,116,552,1,0
@ARDAT,1870869,1668189061000,-6.942,112.979,307.8,312,2,1
@ARDAT,1870870,1668189062000,-5.864,113.642,330.8,356,0,1
@ARDAT,1870871,1668189073000,-4.264,115.210,360,488,0,1
@ARDAT,1870872,1668189074000,-7.197,113.946,319.5,215,1,1
@ARDAT,1870873,1668189075000,-5.827,113.386,327.3,374,2,1
@ARDAT,1870874,1668189075000,-5.827,113.489,328.8,368,2,1
@ARDAT,1870875,1668189081000,-5.589,113.504,331,390,0,1
@ARDAT,1870876,1668189085000,-11.981,113.771,203.2,398,2,1
@ARDAT,1870877,1668189086000,-11.748,113.230,212.4,403,0,1
@ARDAT,1870878,1668189090000,-8.823,114.221,261.5,110,1,1
@ARDAT,1870879,1668189090000,-8.826,114.378,259.7,93,0,1
@ARDAT,1870880,1668189090000,-7.078,113.806,318.7,235,1,1
@ARDAT,1870881,1668189093000,-11.630,119.727,123.8,593,1,0
@ARDAT,1870882,1668189094000,-5.962,113.512,327.9,354,0,1
@ARDAT,1870883,1668189100000,-8.531,114.258,278.7,106,0,1
@ARDAT,1870884,1668189108000,-8.806,114.421,260.6,88,1,1
@ARDAT,1870885,1668189108000,-8.909,114.284,255.8,105,1,1
@ARDAT,1870886,1668189109000,-7.022,114.119,326.6,219,0,1
@ARDAT,1870887,1668189109000,-5.581,113.617,332.7,385,0,1
@ARDAT,1870888,1668189128000,-12.432,117.200,152.5,469,0,0
@ARDAT,1870889,1668189131000,-7.891,112.861,288.4,273,1,1
@ARDAT,1870890,1668189131000,-7.951,112.879,287.2,269,1,1
@ARDAT,1870891,1668189131000,-7.737,112.502,289,316,1,1
@ARDAT,1870892,1668189132000,-7.779,112.941,291.5,269,1,1
@ARDAT,1870893,1668189133000,-7.933,112.686,286.3,290,1,1
@ARDAT,1870894,1668189146000,-7.889,112.909,288.8,268,0,1
@ARDAT,1870895,1668189147000,-8.733,114.367,266.1,93,1,1
@ARDAT,1870896,1668189147000,-8.481,113.935,278.7,142,1,1
@ARDAT,1870897,1668189147000,-8.567,114.116,275.7,121,1,1
@ARDAT,1870898,1668189147000,-8.511,114.234,279.6,109,1,1
@ARDAT,1870899,1668189147000,-8.513,114.105,278.4,123,1,1
@ARDAT,1870900,1668189147000,-6.796,112.749,307.3,342,2,1
@ARDAT,1870901,1668189148000,-8.520,114.150,278.4,118,1,1
@ARDAT,1870902,1668189148000,-7.181,112.843,302.2,309,0,1
@ARDAT,1870903,1668189148000,-8.893,114.234,257.4,110,0,1
@ARDAT,1870904,1668189156000,-5.626,113.266,327.4,400,0,1
@ARDAT,1870905,1668189163000,-6.038,113.816,332.1,330,0,1
@ARDAT,1870906,1668189163000,-5.821,113.802,333.7,352,1,1
@ARDAT,1870907,1668189163000,-5.767,113.942,336.4,351,1,1
@ARDAT,1870908,1668189168000,-8.789,114.061,264.3,127,0,1
@ARDAT,1870909,1668189168000,-8.030,112.696,284.3,286,1,1
@ARDAT,1870910,1668189173000,-7.158,112.869,302.9,308,1,1
@ARDAT,1870911,1668189173000,-6.864,112.937,308.5,321,0,1
@ARDAT,1870912,1668189175000,-8.806,114.393,260.9,91,2,1
@ARDAT,1870913,1668189176000,-8.895,114.319,256.1,101,0,1
@ARDAT,1870914,1668189183000,-8.623,114.239,273.1,107,0,1
@ARDAT,1870915,1668189184000,-6.987,113.663,317.5,253,1,1
@ARDAT,1870916,1668189186000,-6.925,112.833,306.3,326,1,1
@ARDAT,1870917,1668189195000,-6.860,112.780,306.7,335,1,1
@ARDAT,1870918,1668189195000,-7.028,113.866,320.8,235,0,1
@ARDAT,1870919,1668189196000,-5.929,113.531,328.5,356,2,1
@ARDAT,1870920,1668189200000,-8.423,114.104,282.9,125,1,1
@ARDAT,1870921,1668189200000,-7.925,112.812,287.3,277,1,1
@ARDAT,1870922,1668189205000,-6.715,112.779,308.8,345,1,1
@ARDAT,1870923,1668189207000,-7.549,112.855,295.5,288,1,1
@ARDAT,1870924,1668189207000,-8.465,114.224,282.1,111,1,1
@ARDAT,1870925,1668189207000,-8.473,114.353,283.4,97,0,1
@ARDAT,1870926,1668189207000,-8.106,113.602,289.5,188,0,1
@ARDAT,1870927,1668189208000,-8.084,113.370,287.8,213,1,1
@ARDAT,1870928,1668189208000,-8.154,113.595,287.9,187,0,1
@ARDAT,1870929,1668189208000,-8.090,113.618,290.2,187,0,1
@ARDAT,1870930,1668189209000,-8.823,114.276,261,104,2,1
@ARDAT,1870931,1668189209000,-8.929,114.037,257.7,132,1,1
@ARDAT,1870932,1668189209000,-8.860,114.034,261,131,2,1
@ARDAT,1870933,1668189209000,-8.913,113.969,259.1,139,1,1
@ARDAT,1870934,1668189214000,-5.605,113.730,334.2,377,2,1
@ARDAT,1870935,1668189219000,-4.117,118.117,32.7,598,1,0
@ARDAT,1870936,1668189221000,-13.309,115.773,173.2,516,0,0
@ARDAT,1870937,1668189221000,-12.794,114.865,184.7,457,0,0
@ARDAT,1870938,1668189247000,-8.870,114.313,257.7,101,1,1
@ARDAT,1870939,1668189247000,-8.892,114.346,255.9,98,2,1
@ARDAT,1870940,1668189247000,-8.883,114.344,256.5,98,2,1
@ARDAT,1870941,1668189252000,-12.487,117.111,153.9,470,2,0
@ARDAT,1870942,1668189252000,-11.438,116.880,149.2,356,0,0
@ARDAT,1870943,1668189252000,-12.268,116.852,155.8,436,1,0
@ARDAT,1870944,1668189252000,-9.722,115.666,156.6,126,1,0
@ARDAT,1870945,1668189252000,-10.215,115.825,158.4,183,2,0
@ARDAT,1870946,1668189258000,-8.696,114.147,268.9,117,1,1
@ARDAT,1870947,1668189263000,-8.140,113.543,287.8,193,1,1
@ARDAT,1870948,1668189263000,-8.127,113.461,287.4,202,1,1
@ARDAT,1870949,1668189263000,-8.178,113.521,286.4,194,1,1
@ARDAT,1870950,1668189264000,-7.226,112.646,299.4,325,0,1
@ARDAT,1870951,1668189273000,-8.076,113.277,287.2,223,1,1
@ARDAT,1870952,1668189273000,-4.690,115.265,0.8,441,2,1
@ARDAT,1870953,1668189274000,-5.957,113.662,330.3,346,1,1
@ARDAT,1870954,1668189278000,-6.900,112.817,306.5,329,2,1
@ARDAT,1870955,1668189278000,-6.846,112.700,306,343,0,1
@ARDAT,1870956,1668189279000,-8.774,114.252,264.1,106,0,1
@ARDAT,1870957,1668189282000,-5.048,116.012,12.5,411,0,1
@ARDAT,1870958,1668189291000,-13.341,115.509,176.4,517,1,0
@ARDAT,1870959,1668189291000,-13.372,115.587,175.5,521,2,0
@ARDAT,1870960,1668189299000,-8.820,114.166,262.1,116,0,1
@ARDAT,1870961,1668189299000,-8.859,114.255,259.1,107,0,1
@ARDAT,1870962,1668189299000,-8.182,113.634,287.4,182,1,1
@ARDAT,1870963,1668189300000,-10.496,116.562,143.7,250,2,0
@ARDAT,1870964,1668189300000,-10.871,116.555,148.8,284,1,0
@ARDAT,1870965,1668189300000,-11.226,116.844,147.7,334,2,0
@ARDAT,1870966,1668189300000,-10.997,117.028,142.3,325,0,0
@ARDAT,1870967,1668189300000,-12.718,117.847,147.4,532,0,0
@ARDAT,1870968,1668189300000,-12.000,117.750,143.1,461,0,0
@ARDAT,1870969,1668189306000,-6.393,110.681,296.5,560,0,0
@ARDAT,1870970,1668189315000,-7.036,114.099,325.9,219,2,1
@ARDAT,1870971,1668189327000,-12.905,114.886,184.3,469,0,0
@ARDAT,1870972,1668189327000,-14.453,115.686,175.4,641,1,0
@ARDAT,1870973,1668189332000,-6.164,112.273,310.4,427,1,0
@ARDAT,1870974,1668189333000,-8.638,114.375,272.6,92,0,1
@ARDAT,1870975,1668189338000,-8.562,114.071,275.7,126,0,1
@ARDAT,1870976,1668189342000,-13.685,115.210,180,554,1,0
@ARDAT,1870977,1668189348000,-8.560,120.751,89.2,610,0,0
@ARDAT,1870978,1668189348000,-8.838,114.297,259.9,102,0,1
@ARDAT,1870979,1668189354000,-6.046,113.820,332.1,329,0,1
@ARDAT,1870980,1668189356000,-13.267,112.984,205.4,563,0,0
@ARDAT,1870981,1668189358000,-8.227,113.820,287.9,161,1,1
@ARDAT,1870982,1668189358000,-8.254,113.660,285.2,177,1,1
@ARDAT,1870983,1668189359000,-6.932,112.672,304.4,340,0,1
@ARDAT,1870984,1668189359000,-7.026,112.761,303.9,326,0,1
@ARDAT,1870985,1668189359000,-6.875,113.069,310,309,2,1
@ARDAT,1870986,1668189362000,-10.161,110.097,253.3,585,1,0
@ARDAT,1870987,1668189367000,-7.047,114.035,324.2,222,0,1
@ARDAT,1870988,1668189372000,-9.814,117.333,118.5,265,1,0
@ARDAT,1870989,1668189399000,-6.958,113.838,321.4,243,1,1
@ARDAT,1870990,1668189406000,-13.022,116.796,160.3,511,1,0
@ARDAT,1870991,1668189406000,-11.091,116.288,156.2,292,1,0
@ARDAT,1870992,1668189407000,-10.413,115.962,156.8,209,2,0
@ARDAT,1870993,1668189407000,-11.514,117.016,147.9,371,2,1
@ARDAT,1870994,1668189407000,-10.911,116.179,156.8,269,2,0
@ARDAT,1870995,1668189407000,-11.469,116.348,158.1,333,1,0
@ARDAT,1870996,1668189410000,-8.503,114.346,281.4,97,2,1
@ARDAT,1870997,1668189410000,-8.288,113.848,285.9,156,1,1
@ARDAT,1870998,1668189410000,-8.336,114.014,285.9,137,2,1
@ARDAT,1870999,1668189410000,-8.867,114.238,258.8,109,1,1
@ARDAT,1871000,1668189415000,-13.464,115.423,177.5,530,0,0
@ARDAT,1871001,1668189415000,-13.492,114.858,184.1,534,1,0
@ARDAT,1871002,1668189419000,-4.246,115.248,0.5,490,1,1
@ARDAT,1871003,1668189419000,-4.311,116.015,10.5,491,1,1
@ARDAT,1871004,1668189420000,-4.229,115.148,359.2,492,1,1
@ARDAT,1871005,1668189420000,-4.279,115.880,8.7,492,1,1
@ARDAT,1871006,1668189420000,-4.242,115.565,4.6,492,1,1
@ARDAT,1871007,1668189430000,-7.165,113.662,314.3,239,0,1
@ARDAT,1871008,1668189430000,-7.223,113.985,319.9,210,2,1
@ARDAT,1871009,1668189431000,-13.540,116.121,169.6,547,1,0
@ARDAT,1871010,1668189432000,-9.618,111.961,253.5,372,1,0
@ARDAT,1871011,1668189432000,-8.974,114.057,255.4,131,2,1
@ARDAT,1871012,1668189436000,-6.751,112.727,307.7,347,1,1
@ARDAT,1871013,1668189436000,-6.812,112.771,307.3,339,0,1
@ARDAT,1871014,1668189436000,-6.996,112.904,306,315,0,1
@ARDAT,1871015,1668189436000,-6.774,112.686,306.9,349,1,1
@ARDAT,1871016,1668189440000,-4.411,115.845,8.5,477,1,1
@ARDAT,1871017,1668189442000,-6.811,112.864,308.4,331,2,1
@ARDAT,1871018,1668189443000,-4.285,115.863,8.5,491,1,1
@ARDAT,1871019,1668189454000,-8.620,114.212,273.2,110,1,1
@ARDAT,1871020,1668189454000,-8.752,114.359,264.9,94,1,1
@ARDAT,1871021,1668189454000,-8.559,114.328,277.6,98,0,1
@ARDAT,1871022,1668189454000,-8.572,114.189,275.8,113,0,1
@ARDAT,1871023,1668189466000,-8.872,114.369,256.8,95,0,1
@ARDAT,1871024,1668189466000,-9.279,113.104,253.8,241,1,0
@ARDAT,1871025,1668189480000,-4.412,115.537,4.4,473,1,1
@ARDAT,1871026,1668189492000,-12.473,115.109,181.5,420,1,1
@ARDAT,1871027,1668189492000,-12.316,114.498,190.9,410,0,1
@ARDAT,1871028,1668189492000,-12.735,115.123,181.2,449,2,1
@ARDAT,1871029,1668189492000,-13.351,115.795,173,521,0,1
@ARDAT,1871030,1668189494000,-6.942,112.922,307.1,317,0,1
@ARDAT,1871031,1668189504000,-8.314,114.087,287.9,130,1,1
@ARDAT,1871032,1668189504000,-5.054,116.037,12.9,411,0,1
@ARDAT,1871033,1668189505000,-10.970,117.120,140.6,329,0,1
@ARDAT,1871034,1668189505000,-10.866,116.975,141.5,310,2,1
@ARDAT,1871035,1668189508000,-11.650,116.547,156.1,360,2,0
@ARDAT,1871036,1668189508000,-11.920,116.299,161.7,378,1,0
@ARDAT,1871037,1668189508000,-11.510,116.342,158.5,337,0,0
@ARDAT,1871038,1668189508000,-11.461,116.368,157.7,333,0,0
@ARDAT,1871039,1668189508000,-12.119,116.574,158.7,409,1,0
@ARDAT,1871040,1668189518000,-8.770,114.379,263.5,92,1,1
@ARDAT,1871041,1668189519000,-3.441,113.689,343.7,603,0,0
@ARDAT,1871042,1668189519000,-6.966,114.824,347.3,194,2,0
@ARDAT,1871043,1668189519000,-6.173,114.683,348.1,283,1,0
@ARDAT,1871044,1668189519000,-5.750,114.239,341.6,341,1,0
@ARDAT,1871045,1668189529000,-7.119,114.074,323.9,213,2,1
@ARDAT,1871046,1668189537000,-8.611,114.322,274.2,98,1,1
@ARDAT,1871047,1668189553000,-6.895,112.810,306.5,330,0,1
@ARDAT,1871048,1668189560000,-6.956,113.178,310.2,294,0,1
@ARDAT,1871049,1668189560000,-6.763,112.752,307.8,344,1,1
@ARDAT,1871050,1668189560000,-6.996,112.904,306,315,0,1
@ARDAT,1871051,1668189561000,-7.096,113.926,320.9,225,0,1
@ARDAT,1871052,1668189561000,-7.019,113.863,320.9,236,0,1
@ARDAT,1871053,1668189564000,-8.596,114.360,275.4,94,0,1
@ARDAT,1871054,1668189569000,-12.174,116.968,153.7,432,0,1
@ARDAT,1871055,1668189570000,-11.825,116.482,158.3,375,0,1
@ARDAT,1871056,1668189571000,-12.619,115.203,180.1,436,1,1
@ARDAT,1871057,1668189571000,-12.261,115.407,176.9,397,1,1
@ARDAT,1871058,1668189571000,-12.604,114.698,187.3,438,1,1
@ARDAT,1871059,1668189576000,-4.326,114.960,356.7,482,1,1
@ARDAT,1871060,1668189580000,-9.594,113.372,243.2,226,2,0
@ARDAT,1871061,1668189580000,-9.705,112.921,245.5,276,1,0
@ARDAT,1871062,1668189585000,-8.444,114.332,284.9,100,0,1
@ARDAT,1871063,1668189585000,-8.384,114.001,283.6,137,2,1
@ARDAT,1871064,1668189585000,-8.471,114.251,282.1,108,1,1
@ARDAT,1871065,1668189586000,-8.676,114.483,270,80,2,1
@ARDAT,1871066,1668189588000,-8.245,113.852,287.6,157,1,1
@ARDAT,1871067,1668189588000,-8.394,114.148,284.9,121,2,1
@ARDAT,1871068,1668189588000,-8.420,114.301,285.8,104,1,1
@ARDAT,1871069,1668189596000,-8.799,114.392,261.4,91,2,1
@ARDAT,1871070,1668189599000,-7.522,113.574,305.2,221,1,1
@ARDAT,1871071,1668189600000,-8.530,114.360,279.8,95,0,1
@ARDAT,1871072,1668189604000,-8.560,114.337,277.6,97,1,1
@ARDAT,1871073,1668189604000,-8.622,114.039,272.6,129,1,1
@ARDAT,1871074,1668189604000,-8.543,114.302,278.4,101,2,1
@ARDAT,1871075,1668189624000,-7.754,113.607,299.9,204,2,1
@ARDAT,1871076,1668189626000,-12.184,115.123,181.4,388,1,1
@ARDAT,1871077,1668189626000,-6.056,113.532,327.3,344,0,1
@ARDAT,1871078,1668189626000,-12.733,114.892,184.4,450,2,1
@ARDAT,1871079,1668189631000,-11.563,116.563,155.2,352,1,1
@ARDAT,1871080,1668189631000,-11.927,116.276,162.1,378,0,1
@ARDAT,1871081,1668189631000,-11.689,116.721,153.7,372,2,1
@ARDAT,1871082,1668189631000,-11.588,116.638,154.2,358,1,1
@ARDAT,1871083,1668189631000,-11.673,116.733,153.4,371,2,1
@ARDAT,1871084,1668189631000,-11.664,116.669,154.3,367,1,1
@ARDAT,1871085,1668189639000,-8.850,114.281,259.3,104,1,1
@ARDAT,1871086,1668189655000,-7.513,113.705,307.7,210,1,1
@ARDAT,1871087,1668189655000,-7.584,113.597,304.1,215,0,1
@ARDAT,1871088,1668189658000,-8.520,114.214,278.9,111,0,1
@ARDAT,1871089,1668189662000,-8.730,114.421,266.1,87,0,1
@ARDAT,1871090,1668189669000,-12.426,114.910,184.5,416,2,1
@ARDAT,1871091,1668189669000,-12.735,115.325,178.4,449,0,1
@ARDAT,1871092,1668189669000,-12.822,115.863,171.2,464,2,1
@ARDAT,1871093,1668189669000,-12.221,115.172,180.6,392,1,1
@ARDAT,1871094,1668189681000,-7.582,113.664,305.3,209,1,1
@ARDAT,1871095,1668189682000,-10.942,119.806,116.8,563,1,0
@ARDAT,1871096,1668189682000,-4.065,114.126,346.7,524,1,0
@ARDAT,1871097,1668189682000,-6.159,114.620,346.8,286,1,0
@ARDAT,1871098,1668189689000,-7.084,113.970,322.1,223,0,1
@ARDAT,1871099,1668189700000,-11.994,113.478,207.2,413,1,1
@ARDAT,1871100,1668189700000,-11.972,113.844,202.2,394,0,1
@ARDAT,1871101,1668189700000,-11.506,113.779,206.5,350,1,1
@ARDAT,1871102,1668189701000,-4.558,115.389,2.5,456,1,1
@ARDAT,1871103,1668189709000,-8.352,114.000,285,138,2,1
@ARDAT,1871104,1668189730000,-7.302,113.538,309.4,239,1,1
@ARDAT,1871105,1668189730000,-7.633,113.651,303.8,207,0,1
@ARDAT,1871106,1668189732000,-8.866,114.293,258.2,103,0,1
@ARDAT,1871107,1668189734000,-11.082,116.414,153.7,297,0,1
@ARDAT,1871108,1668189734000,-11.296,116.574,152.8,326,1,1
@ARDAT,1871109,1668189734000,-10.936,116.441,151.7,284,0,1
@ARDAT,1871110,1668189734000,-11.189,116.485,153.4,311,1,1
@ARDAT,1871111,1668189734000,-11.223,116.278,157.5,305,0,1
@ARDAT,1871112,1668189735000,-11.395,116.639,152.6,339,2,1
@ARDAT,1871113,1668189735000,-11.105,116.388,154.4,298,1,1
@ARDAT,1871114,1668189736000,-12.441,115.424,176.8,417,0,1
@ARDAT,1871115,1668189747000,-7.324,113.474,307.9,243,1,1
@ARDAT,1871116,1668189747000,-7.400,113.812,312.4,209,0,1
@ARDAT,1871117,1668189747000,-7.464,113.744,309.6,210,0,1
@ARDAT,1871118,1668189753000,-8.376,114.305,288.4,105,1,1
@ARDAT,1871119,1668189778000,-7.471,113.600,306.8,222,0,1
@ARDAT,1871120,1668189779000,-8.344,114.106,286.8,127,1,1
@ARDAT,1871121,1668189779000,-8.417,114.283,285.7,106,2,1
@ARDAT,1871122,1668189780000,-8.379,114.314,288.4,104,1,1
@ARDAT,1871123,1668189782000,-8.966,114.301,252.2,105,0,1
@ARDAT,1871124,1668189794000,-9.902,119.030,108.2,441,1,0
@ARDAT,1871125,1668189794000,-10.476,118.734,117.5,435,1,0
@ARDAT,1871126,1668189794000,-6.882,113.618,318.4,265,0,1
@ARDAT,1871127,1668189797000,-11.977,115.163,180.8,365,0,1
@ARDAT,1871128,1668189797000,-12.446,115.290,178.8,417,2,1
@ARDAT,1871129,1668189798000,-8.931,114.366,253.1,97,1,1
@ARDAT,1871130,1668189798000,-8.869,114.229,258.8,110,1,1
@ARDAT,1871131,1668189802000,-11.172,116.394,154.9,305,1,1
@ARDAT,1871132,1668189802000,-11.512,116.234,160.4,333,1,1
@ARDAT,1871133,1668189802000,-11.405,116.098,162.2,317,1,1
@ARDAT,1871134,1668189819000,-8.945,114.285,253.7,106,0,1
@ARDAT,1871135,1668189819000,-10.528,110.247,249,582,0,0
@ARDAT,1871136,1668189839000,-11.426,119.059,126.1,520,1,0
@ARDAT,1871137,1668189842000,-7.574,113.681,305.8,208,1,1
@ARDAT,1871138,1668189842000,-7.552,113.766,307.9,202,0,1
@ARDAT,1871139,1668189842000,-7.379,113.591,308.7,229,0,1
@ARDAT,1871140,1668189842000,-7.412,113.682,309.6,219,0,1
@ARDAT,1871141,1668189842000,-7.641,113.634,303.3,208,1,1
@ARDAT,1871142,1668189843000,-7.491,113.574,305.9,223,0,1
@ARDAT,1871143,1668189844000,-7.378,113.747,311.6,216,0,1
@ARDAT,1871144,1668189844000,-7.495,113.766,309.3,206,0,1
@ARDAT,1871145,1668189850000,-5.943,113.578,329.1,352,1,1
@ARDAT,1871146,1668189871000,-11.410,113.852,206.1,337,1,1
@ARDAT,1871147,1668189871000,-11.672,113.331,211.7,390,0,1
@ARDAT,1871148,1668189871000,-11.867,113.875,202.4,382,0,1
@ARDAT,1871149,1668189872000,-4.316,115.582,4.9,484,1,1
@ARDAT,1871150,1668189874000,-12.171,114.893,185.1,388,0,1
@ARDAT,1871151,1668189877000,-8.361,114.291,289,107,1,1
@ARDAT,1871152,1668189898000,-7.301,113.400,307.2,251,0,1
@ARDAT,1871153,1668189898000,-7.517,113.511,304.3,227,0,1
@ARDAT,1871154,1668189898000,-7.356,113.575,308.9,232,2,1
@ARDAT,1871155,1668189904000,-7.345,113.537,308.5,236,1,1
@ARDAT,1871156,1668189905000,-8.823,114.396,259.7,91,0,1
@ARDAT,1871157,1668189907000,-7.527,113.482,303.6,229,0,1
@ARDAT,1871158,1668189908000,-8.437,114.325,285.2,101,2,1
@ARDAT,1871159,1668189908000,-8.340,114.155,287.7,122,1,1
@ARDAT,1871160,1668189908000,-8.410,114.219,285.1,113,1,1
@ARDAT,1871161,1668189913000,-7.486,113.578,306.1,223,0,1
@ARDAT,1871162,1668189919000,-12.503,115.441,176.6,424,1,1
@ARDAT,1871163,1668189920000,-11.884,115.074,182.4,355,1,1
@ARDAT,1871164,1668189921000,-11.050,116.290,155.8,288,0,1
@ARDAT,1871165,1668189921000,-11.019,116.154,158.3,279,0,1
@ARDAT,1871166,1668189921000,-10.985,116.280,155.4,281,0,1
@ARDAT,1871167,1668189933000,-5.963,113.426,326.6,359,1,1
@ARDAT,1871168,1668189937000,-8.758,114.268,265,104,0,1
@ARDAT,1871169,1668189942000,-9.604,112.928,247.6,271,0,0
@ARDAT,1871170,1668189942000,-9.648,112.652,248.9,301,1,0
@ARDAT,1871171,1668189947000,-8.607,114.295,274.3,101,1,1
@ARDAT,1871172,1668189947000,-8.740,114.012,266.9,132,1,1
@ARDAT,1871173,1668189960000,-7.487,113.725,308.7,210,2,1
@ARDAT,1871174,1668189965000,-4.382,115.158,359.3,475,0,1
@ARDAT,1871175,1668189965000,-4.399,115.598,5.2,475,1,1
@ARDAT,1871176,1668189965000,-4.368,115.015,357.4,477,1,1
@ARDAT,1871177,1668189969000,-3.760,113.575,341.5,573,1,0
@ARDAT,1871178,1668189972000,-9.776,112.399,248.3,332,0,0
@ARDAT,1871179,1668189972000,-8.893,114.309,256.4,102,0,1
@ARDAT,1871180,1668189982000,-5.918,118.911,53.5,510,0,0
@ARDAT,1871181,1668189986000,-8.740,114.294,266,101,0,1
@ARDAT,1871182,1668189986000,-8.879,114.352,256.6,97,1,1
@ARDAT,1871183,1668189987000,-8.880,114.306,257.2,102,2,1
@ARDAT,1871184,1668189991000,-8.433,114.036,281.7,132,1,1
@ARDAT,1871185,1668189991000,-8.503,114.309,280.9,101,1,1
@ARDAT,1871186,1668189992000,-8.826,113.937,263.2,141,0,1
@ARDAT,1871187,1668189992000,-8.769,114.251,264.4,106,1,1
@ARDAT,1871188,1668190001000,-7.363,113.640,309.9,226,0,1
@ARDAT,1871189,1668190005000,-3.818,116.929,19.6,570,0,0
@ARDAT,1871190,1668190007000,-4.558,115.017,357.3,456,1,1
@ARDAT,1871191,1668190016000,-10.891,116.822,144.3,302,2,1
@ARDAT,1871192,1668190016000,-11.072,116.372,154.4,294,1,1
@ARDAT,1871193,1668190016000,-11.108,116.150,159.1,288,2,1
@ARDAT,1871194,1668190016000,-10.870,116.331,153.2,272,1,1
@ARDAT,1871195,1668190016000,-10.749,116.187,155,253,1,1
@ARDAT,1871196,1668190016000,-10.662,116.070,156.8,239,1,1
@ARDAT,1871197,1668190024000,-8.755,114.305,265,100,0,1
@ARDAT,1871198,1668190024000,-8.774,114.270,264,104,1,1
@ARDAT,1871199,1668190026000,-7.299,113.540,309.5,239,0,1
@ARDAT,1871200,1668190026000,-7.323,113.603,310.1,232,0,1
@ARDAT,1871201,1668190026000,-7.086,113.798,318.4,235,1,1
@ARDAT,1871202,1668190026000,-7.394,113.626,309,225,0,1
@ARDAT,1871203,1668190026000,-7.371,113.693,310.7,221,0,1
@ARDAT,1871204,1668190026000,-7.467,113.491,305.1,232,0,1
@ARDAT,1871205,1668190032000,-8.608,114.413,274.9,88,0,1
@ARDAT,1871206,1668190032000,-8.738,114.240,266.3,107,0,1
@ARDAT,1871207,1668190033000,-8.454,114.302,283.8,103,0,1
@ARDAT,1871208,1668190034000,-4.343,114.848,355.2,481,1,1
@ARDAT,1871209,1668190034000,-4.328,115.255,0.6,481,1,1
@ARDAT,1871210,1668190034000,-7.214,113.925,318.7,215,1,1
@ARDAT,1871211,1668190038000,-7.012,113.814,320,240,0,1
@ARDAT,1871212,1668190038000,-7.703,113.511,299.8,216,2,1
@ARDAT,1871213,1668190038000,-7.303,113.467,308.2,245,2,1
@ARDAT,1871214,1668190061000,-12.221,115.210,180,392,0,1
@ARDAT,1871215,1668190062000,-12.138,115.118,181.5,383,1,1
@ARDAT,1871216,1668190064000,-10.211,120.365,107.1,591,1,0
@ARDAT,1871217,1668190070000,-8.711,114.329,267.7,97,1,1
@ARDAT,1871218,1668190072000,-8.886,114.344,256.3,98,1,1
@ARDAT,1871219,1668190098000,-8.302,114.207,290.5,118,1,1
@ARDAT,1871220,1668190098000,-8.237,114.234,294.3,118,1,1
@ARDAT,1871221,1668190098000,-8.273,114.387,296.2,101,2,1
@ARDAT,1871222,1668190098000,-7.483,113.513,305.1,229,0,1
@ARDAT,1871223,1668190107000,-8.907,114.125,257.9,122,0,1
@ARDAT,1871224,1668190136000,-7.572,113.638,305.1,212,0,1
@ARDAT,1871225,1668190137000,-7.121,113.909,320.1,224,0,1
@ARDAT,1871226,1668190150000,-8.676,114.274,270,103,1,1
@ARDAT,1871227,1668190159000,-10.685,116.063,157.2,241,1,1
@ARDAT,1871228,1668190159000,-10.813,116.154,156.4,258,2,1
@ARDAT,1871229,1668190159000,-10.608,115.987,158.3,230,0,1
@ARDAT,1871230,1668190159000,-10.844,115.948,161.4,253,0,1
@ARDAT,1871231,1668190161000,-7.614,113.512,302,221,1,1
@ARDAT,1871232,1668190161000,-7.246,113.408,308.4,254,1,1
@ARDAT,1871233,1668190161000,-7.354,113.554,308.6,234,0,1
@ARDAT,1871234,1668190161000,-7.515,113.612,306,218,1,1
@ARDAT,1871235,1668190161000,-7.540,113.594,305.1,218,0,1
@ARDAT,1871236,1668190161000,-7.298,113.459,308.2,246,0,1
@ARDAT,1871237,1668190171000,-12.116,115.411,176.7,381,2,1
@ARDAT,1871238,1668190188000,-10.215,112.177,242.7,374,1,0
@ARDAT,1871239,1668190191000,-11.226,119.885,119.2,585,1,0
@ARDAT,1871240,1668190202000,-7.506,113.508,304.5,228,1,1
@ARDAT,1871241,1668190202000,-7.476,113.540,305.7,227,0,1
@ARDAT,1871242,1668190202000,-7.346,113.619,309.9,229,1,1
@ARDAT,1871243,1668190206000,-8.698,114.229,268.7,108,0,1
@ARDAT,1871244,1668190210000,-8.381,114.294,287.9,106,1,1
@ARDAT,1871245,1668190210000,-8.282,114.195,291.3,120,1,1
@ARDAT,1871246,1668190210000,-8.339,114.338,291.2,103,2,1
@ARDAT,1871247,1668190213000,-8.952,114.325,252.6,102,0,1
@ARDAT,1871248,1668190231000,-8.456,114.329,284.1,100,2,1
@ARDAT,1871249,1668190237000,-4.351,115.564,4.7,480,0,1
@ARDAT,1871250,1668190237000,-4.377,115.804,7.9,480,1,1
@ARDAT,1871251,1668190254000,-11.326,115.262,178.9,293,2,1
@ARDAT,1871252,1668190256000,-8.269,113.949,287.9,146,1,1
@ARDAT,1871253,1668190261000,-8.515,114.437,281.8,87,2,1
@ARDAT,1871254,1668190261000,-8.267,114.300,294.3,110,1,1
@ARDAT,1871255,1668190269000,-8.017,121.266,84.2,671,1,0
@ARDAT,1871256,1668190270000,-8.919,114.381,253.6,95,1,1
